11.497184490773057 107.30179610337595
3.0670021518577393 144.25434885010293
16.870072947390252 85.67686303318149
17.639669909671646 82.01769380295195
9.63992989878184 115.3896375852981
14.698037574541718 94.07831948150312
12.940838242742249 101.06592965768901
4.791309551037953 136.32295211264508
15.145001051942533 92.34457739691902
17.23149831037241 84.31556915646738
3.6988849147312948 141.6334770133049
7.8454412356204575 123.06772342886376
6.606572602335241 128.4143830703997
13.194994748230046 99.96942511978237
9.56313455151936 115.65737852422666
16.182299123894417 88.3499990620223
14.410869117106785 94.96810269241175
4.496443999273967 137.53294915352353
17.786810869880952 81.14950596936012
19.12967414828305 73.17734336086983
17.98701921944221 79.97663747411238
9.241429911871942 117.0519747982664
13.905175253118422 96.90715490124235
13.261754929410975 99.66723890806047
16.12732961311348 88.56360745596947
4.829177194188703 136.1171252099262
12.361534533930886 103.568151144839
2.488264798498623 146.2828236107497
3.0370277173535705 144.3303053474947
4.241920951009801 138.68267690506116
11.53538892771354 107.13060329635383
4.224925221198067 138.77505602602213
8.302728249729373 121.0979924672596
12.43748057599599 103.16761801460487
5.791227605854641 131.9333463258546
18.81353037038579 74.9911165423394
12.674078795903043 102.13399150351987
18.130133022043584 79.06476198350964
3.601551215655661 142.16244947001957
17.36247896445793 83.65186658917574
6.072199995826896 130.735821534646
18.453769775286347 77.23227545851154
9.383360493112974 116.42863064205783
6.693576381234933 128.03676707780596
4.109449807846089 139.40214682615544
12.228955986387643 104.14140754141728
8.688415147473577 119.43137195579914
8.186132487109038 121.59564019811025
5.750405329017957 132.14669633056553
8.759212365438863 119.13989895933148
16.76098708137144 86.2654339610277
11.917177740556284 105.44074762973153
12.059609069385651 104.81848672070542
7.449505426946947 124.79689401157682
4.997084689855223 135.3714903972536
4.269320213527413 138.64246756469126
16.049457232971555 88.86298120023596
6.384645162060204 129.37845318671242
11.08552588163628 109.07932522544638
11.06584684085303 109.16426571781942
17.555922864606536 82.5120421020174
13.977067083830935 96.59827044547461
9.856619501044399 114.44294911414283
19.20682392999798 72.77246730385824
7.778563973533354 123.36059769003536
3.9380947329215488 140.34889492559603
3.037827170706864 144.32747300394414
3.3113298900574772 143.37358938636578
14.053154980736927 96.26973846970905
10.66843874611716 110.89216423044665
8.776517642778394 119.07153513026464
17.092466380817605 84.86951592666438
11.938368877949738 105.34817471684339
15.645818554450468 90.42474537204183
4.519607881542193 137.45645103254057
11.610293790710235 106.81270503146216
4.506284165611741 137.51402711099655
14.993416336855065 92.93741174716232
7.24225438983512 125.69903021558477
5.46980986762292 133.31901326417452
19.532177126815498 70.8859476143542
12.985348036167828 100.87052776684557
5.477390995619546 133.30024227997018
15.63894518078499 90.45127002094128
3.310642907328031 143.3581188277514
12.76629244714658 101.81595410596256
16.81365778379333 85.95391592266034
17.337520618452466 83.79965529422776
16.404813893873175 87.58430231276921
7.416148463761792 124.92182520727374
7.401138043110734 124.99010456293644
6.6228906206446325 128.34299310585521
6.709136692044206 127.97495242207175
6.9290528839876595 127.02651485454842
11.250355932788365 108.36414357186804
13.984833129745146 96.5625531025954
7.051938692902764 126.49007892412695
10.19993638431294 112.90206478023049
19.41158581995176 71.56448768663157
14.154361316968817 95.82638229260056
13.415844345026546 99.02074903911794
19.14622050222383 73.15644364688123
15.686064799308259 90.27006960004061
15.655052797967876 90.38926654230369
3.694502613396704 141.66309239499105
18.443242626219124 77.29224163740227
17.048750265226797 84.96084658360931
4.232164884327696 138.73570135774122
12.163170854588051 104.42548663051093
19.53641200044045 70.82806842544807
14.735387092886125 93.93421779209055
8.12001546564421 121.87968947306128
12.706182167594289 102.08379442536656
17.507622811157304 82.79594230625528
16.05040087163812 88.85905567145542
5.519515297245814 133.14762666522523
4.493179311435805 137.59956388622234
3.1533557796241727 143.91698195006927
3.453833716843027 142.8744270970692
10.63885562832407 111.00868783791991
18.36889093124072 77.72979399474409
11.30634612765295 108.12561055467629
8.151612263566154 121.74345871730492
12.60790138480595 102.50077502428879
18.91065635344441 74.5375440523539
11.349668258648423 107.93829823453504
16.263209984065732 88.04558672765017
10.621988277143338 111.08062936410319
9.784092819256468 114.69856563506562
19.03742290550668 73.78802644450519
2.7065256964362376 145.51991945285693
19.28175419007744 72.3304328870733
13.449555692001706 98.87161869764726
10.95091525336482 109.66039292739556
3.785753272920382 141.1785002772012
4.719899824134691 136.55620802659007
14.617786896667411 94.38766108745793
6.601540453842051 128.43870544796306
4.85916530755253 135.98889458244412
11.659944079329978 106.59989168131867
7.2885941107081615 125.4687030442515
17.37989063292813 83.54692080709322
6.365281216342279 129.46643472163447
6.4845757166480755 128.93937037004855
3.4744928479207076 142.7719698020921
3.8886745328537273 140.60936618274488
8.9550312195986 118.27539814137907
12.893362771218122 101.27456902786331
17.220116485888838 84.27077837617892
15.875035712348993 89.53678082383402
15.83055190875676 89.70853016151872
3.5166186694202706 142.62321710642814
3.267598069109283 143.52877597401084
14.00574861278529 96.47356782487125
16.432291683177706 87.4804497159167
4.193694864727602 138.9470379140194
3.0373985664376075 144.325048120343
12.278591501838957 103.92402268940278
11.597600467560204 106.86818915090977
17.580626378522833 82.36591305090553
12.072993326935695 104.76001124894655
6.807318125781479 127.54593386615741
13.760755778031559 97.52524183029925
15.63700769697067 90.45860430003
15.267538049936382 91.88037119605966
3.3201253968169944 143.3244199023287
6.316933540196461 129.6627111606619
10.207780805026744 112.87115745236338
8.656383311152094 119.579667501276
8.590880318498542 119.86743360600913
2.766721798167266 145.30629118281468
8.11324615263701 121.90901665136862
2.794966110237027 145.1903996351653
16.798607491799494 86.04247386434002
7.287762233391236 125.49866923901602
17.224747539819415 84.25540421662575
5.353140847109753 133.85395351844036
7.647116009071993 123.94816487507944
6.118939139401925 130.51710895947934
10.799509174051984 110.31590654350956
14.315767807927191 95.15638894121247
15.30757024597176 91.72594387524711
15.405558757125425 91.347920422704
12.171093903413661 104.33144288658605
7.544469339580653 124.36395688351523
15.404639993718456 91.35132917301215
6.839246610718886 127.4682312538119
18.413573686247297 77.43647252143293
12.495648457476973 102.91352201495656
15.768339391124943 89.94850419560458
4.613664733793303 137.01751231756612
7.692320283268608 123.72606342569975
18.69250134001303 75.73112343868686
11.657405480561147 106.61052539219257
3.3348078794733835 143.2722610535899
11.079117173767107 109.1069927498136
15.97842894360295 89.13818561287133
8.092035104903388 122.00890396725042
5.761648845031665 132.05997195865802
2.7962524296692273 145.20150043427384
14.638434122070946 94.30840515828103
10.302650789490803 112.45941420449772
15.554838179061129 90.77301431023312
10.633304949724991 111.03177392236856
9.397322809139638 116.37007566591858
4.635550402620238 136.92009957552324
11.013519356218666 109.3898395210116
17.294652085535965 83.98277375830472
5.810717447743856 131.8475183658357
7.40465447262903 124.98998630017064
18.23320829580418 78.52216446360981
10.990184878305538 109.4918237649255
18.303888990150163 78.10628698796515
2.5429305879327284 146.082482510276
15.50524775318424 90.96309934563962
14.512207884965132 94.74714014328077
11.862573050028647 105.72468758615956
2.8232230879175813 145.08998957798264
19.805718856247353 69.24903192700782
12.25200511822208 104.03858850150952
16.671642342959984 86.68410402803269
16.80416414856687 86.0096087411064
2.9037490148456566 144.8298214312839
13.044373531486869 100.60678192303038
9.980542167521513 113.85084024137036
8.08362564596086 122.05565254290536
14.967507715402975 93.03742825766219
10.036347709939713 113.60850095196861
8.457736378089471 120.42540528546212
4.119980503284332 139.3443123584633
16.99595391994583 85.16928719283268
8.045169811844854 122.2098413505768
14.913856188081223 93.24435828365861
13.272346166468811 99.64014779045091
11.938224469721714 105.39824260037858
11.359170833262983 107.89766155812069
10.984275205634123 109.51610241507963
19.60772546870168 70.43939138593598
17.67265166680265 81.8254422731805
5.190963780390697 134.52267082452357
18.312622688729007 78.06170490667517
17.106699487603038 84.73691255826219
16.483866556953735 87.3178930722118
17.429692321193052 83.25442419172833
9.677977292280973 115.16853590350152
18.0595273081135 79.55053374754317
18.64273258233617 76.02805242325712
8.88109931362434 118.61182092689593
18.33853247541729 77.89898925420954
18.01046630476778 79.83902532974713
15.161675835176759 92.28619136758809
5.112724756147516 134.86726666034198
8.385690837524368 120.73289841457344
9.289973904985061 116.83735272346958
9.429614138495062 116.2306249827574
13.093105887563711 100.4094122987729
6.888651105429323 127.19496972947171
14.095027490020618 96.07923603630566
12.89861753048662 101.2532519158778
16.385859756658085 87.63925971569691
12.186398267560017 104.26456976465106
18.75330640431102 75.47072671689457
6.748395171247425 127.81583434281764
10.673946260314654 110.85627794075913
17.442073715680458 83.18375473563091
8.770740300408551 119.09003977479473
9.44996311409563 116.14642984395029
6.211465479244735 130.11799895765378
14.074515786652574 96.1714412414346
17.965092514036307 80.10526562349628
4.814428850356187 136.1479828475556
15.188229794830004 92.18388910615269
9.919727325371994 114.11319475852916
6.298526354717884 129.78916287763332
7.962855804647379 122.58271689449124
17.70038884781623 81.66201108129155
13.925656204383458 96.81949138384176
17.87106048638235 80.62838457020655
12.952007487614264 101.00676846064948
7.586273454566058 124.18726933000508
4.531592082475111 137.40465591634194
19.24818677510334 72.52841867027863
17.888848576805337 80.5536902048531
7.549578849624569 124.34902596088257
2.8717146454020153 144.91768370963538
18.100727526776264 79.30700189243592
11.49107832381579 107.32815180546714
10.324482401490872 112.3651518235268
6.712271836015171 127.96875108040324
5.849482322763224 131.6803087282699
2.203205469235483 147.2899155348877
9.300903567163303 116.78930226358615
4.200651324799887 138.90924550681262
11.360973215033466 107.88969124398905
15.4116012160604 91.32568901034426
10.282080013714019 112.58418639143392
11.267053904222832 108.29182439987801
4.703098638104745 136.62852719858012
11.078787685501679 109.10842382866018
16.804287764928215 86.00886338754049
10.973153401073898 109.56437151200907
9.192476566217973 117.26561300635618
6.026973126180625 130.96145496612343
9.314197544239612 116.81269642750871
14.125883957660454 95.95087621420546
18.806078431619262 75.09673811165504
13.736153690326496 97.62794161363645
17.316836156153197 83.88572872402099
5.787469972444391 131.94809935743618
14.893560306721103 93.3226700983187
3.709709958964382 141.58039392614432
8.819258253025879 118.97499693640579
15.447651394724708 91.18623832718308
8.33438092832614 120.96488225843258
5.719710981196279 132.25598503942555
8.862621099400432 118.67452006886171
2.7703198448815165 145.293534704985
5.70174151922673 132.40797753858942
15.44181680379408 91.20866850049373
9.229871630098792 117.18109985002759
5.845711517117749 131.6965922191735
9.067906129742433 117.78817542240388
9.182639034327243 117.30583228477362
15.328689392033466 91.64443200927732
14.312025879874325 95.12778724037598
12.509865757580135 102.92344018640718
5.564967614764211 132.91144896530182
6.46124905594993 129.0433620995667
18.963544397747526 74.2277055440218
14.362770902831159 95.03861313974846
6.322926400599568 129.6702143865589
19.70932089249715 69.8173093617657
10.984713486430024 109.51430362847387
14.226400980690512 95.52191032994311
7.032634275555568 126.57395207019358
2.4873665533811398 146.29767502900197
2.6924977725456607 145.56969615159903
2.9894323784888925 144.49942507779878
6.878282529809239 127.25167622876744
7.636664347045102 123.96794457110965
8.694005950727652 119.42033078497587
8.195304263834013 121.5782287388102
14.432435308567062 94.92588586643765
19.801636476576356 69.27309194011593
5.8890983268279244 131.56053438544444
9.724771657919064 114.95532503145618
14.975606613568845 93.00667000050825
16.838907438847052 85.8045967582863
3.8021633448890197 141.08913039703705
19.79530721755057 69.30072965034051
9.018521798684377 118.00139623249675
12.013826432737755 105.07205600383382
11.023159421104634 109.34811959741478
18.018423348092764 79.74451449758757
17.943997179322892 80.2234985751474
9.625670194213741 115.38423128743325
18.293016323220492 78.13311971633854
18.673306860167525 75.84486439284734
3.1008178128033954 144.10364829712003
9.490035080148898 115.96621328975667
5.029121085796592 135.258154915433
5.118924825943206 134.8375181088187
6.041957556998335 130.85745329855774
16.23184623338239 88.15890034576614
10.497556959736754 111.61778083394796
4.511877299338203 137.45405795069155
17.93502587388556 80.25154374532136
10.702454574375798 110.73679279511727
13.15842431693678 100.11872440806135
16.643101655597654 86.77948940837626
16.392376264073846 87.61995008931561
11.691723206318663 106.46181244871877
9.281243955427012 116.86747494558057
10.866994081482522 110.0226049462935
6.147345571289844 130.43970746997445
2.9868622727466523 144.50855416827426
9.106613452226355 117.6221504001055
5.485089660484337 133.25415657208657
7.281277947289337 125.53023247802115
15.362157508618946 91.51503863023237
18.63851037432201 76.1453412603914
16.05092102294219 88.85708793804136
5.6685601520696185 132.4769237372424
11.61696007150675 106.75235126871716
14.057722909263308 96.24028209678362
9.420322494429536 116.27784064664701
6.045943678027301 130.8459450394998
19.150458415595374 73.10499437473717
3.1910917004226693 143.78289781258275
14.945217760279508 93.12341224502754
15.471628915830316 91.0927610519683
4.287880906208808 138.43287911097633
2.8268241743784213 145.093004781608
4.513047601775532 137.45564505688463
17.20447850955418 84.33391479223673
7.460677711565552 124.75440885831898
13.097176969509881 100.28555441221093
7.749556279769839 123.4814642242861
12.231092725590969 104.13250305081635
12.708595219762689 102.07338928958623
7.653131667574527 123.89701374436176
15.80557800938124 89.80486959442669
16.707547323062155 86.5612697603679
12.360416261822696 103.57310029251676
12.615908330637458 102.47344539353813
8.825906584118776 118.85097010303551
15.734893616676905 90.07750999079525
4.444009890461697 137.7469948215627
17.47245547622775 83.00446241985901
17.71804977550685 81.55847650196051
12.569898624919254 102.58913420501756
14.885898372127613 93.35220597562451
5.7609375443294955 132.0637682928205
6.7789729954498 127.68062720595847
3.622126753702104 142.06954860156242
2.991695976449929 144.4913812221153
5.993264362990067 131.06518433118634
3.6547270226360045 141.8734510473908
17.335157722102807 83.81288283551109
16.276119281211017 88.011946436708
11.56236226600514 107.02036053492945
17.27166602844328 84.07576406918977
13.357205505473814 99.27035304127561
13.433024080831892 98.93231035400882
12.476849752637543 103.07382272186862
7.045635525035214 126.52338132145256
5.822256325801271 131.79771185295095
14.023181559481623 96.3992212911819
15.725798846865555 90.11258136058402
3.678921885622832 141.7478341264132
4.6547165114975675 136.8372758872774
13.765044252521392 97.48940523084947
16.174993852900876 88.37966413394622
8.349701757766528 120.88826984990283
11.131071651097356 108.88210467190207
4.5287570121550695 137.41691251038003
19.65695923097862 70.12598511853497
16.31304830127707 87.8839344462719
6.305074678147956 129.71527349413108
13.341643218829256 99.33469196108645
7.534648779608386 124.41688990615786
4.744375863681135 136.4503181299907
9.841757065389855 114.45545117795531
4.653229062165966 136.84377934559132
6.007929113791345 131.00934343583185
15.284470502356594 91.81507822368445
8.365872196378952 120.81844512784679
13.086610911686302 100.44180039572433
3.186761074780117 143.79829184823103
11.118085255846049 108.93878135705516
4.508710390015366 137.50354942746912
14.854249645201415 93.47424519948564
5.578308555925342 132.85075730894027
15.307188453799998 91.72741470628387
8.122395891199204 121.87298129096794
16.28284993877407 87.98351368267976
5.115964112764091 134.84643353127194
4.406062707275164 137.94719281415172
17.21628995155587 84.28693764148824
16.068877312676516 88.78775018031507
5.651825840464662 132.57292627033857
5.012389813938227 135.37549443660976
11.682826324010353 106.5002230024829
19.74652283114459 69.59799652852732
17.49665033921458 82.86169242881758
18.42537955538024 77.30318342775004
7.909218969434148 122.79775636728496
14.81476683269982 93.6265259020283
18.10607190790674 79.27660140499367
9.080640540133878 117.73364535552064
14.168068192956998 95.76665462685092
18.86337664160071 74.79836811019064
11.324374389821934 108.0479248370116
2.675373360128262 145.61531874646704
17.641974037587218 82.00409855390944
16.898925208778106 85.56320158340137
7.500243053187077 124.57588177220813
8.071924344110627 122.112448484629
12.44142652170752 103.22011078174123
10.518884835064338 111.52773218513641
5.258071252619586 134.23386520001716
19.46887187094685 71.22651456569758
7.505449125847685 124.53598051131216
11.068003313077972 109.1549736433642
18.98336354551737 74.04518336279759
17.282495125671822 84.02072716188172
12.074550690438878 104.80818096540055
9.041848206070307 117.91655512059916
19.469325806437695 71.2238412309078
4.528986006398218 137.41447768873132
10.36279288505741 112.23158446451266
12.149942536038097 104.4826304038987
3.6032874175832497 142.15913612496783
10.373329508001504 112.1542465785121
3.3302285012348447 143.28853560025073
10.499679310806219 111.60869745849119
6.191690407800449 130.21643631239863
3.6267770593610873 142.02535410412673
15.610089018389012 90.56112519851138
9.899206097464635 114.20206077968274
17.17220501337875 84.46593181583373
9.848281121509645 114.42224816110516
15.23798234052505 91.99333698251155
4.482046239548218 137.60174330004912
13.280715602081232 99.59491973607044
17.89790448852277 80.50059121681645
6.012685810580995 130.97759435533763
18.983399515852028 73.99558256749702
11.350354434325148 107.93581372264862
9.725763223256873 114.95044545011125
14.193521105732732 95.64684152564003
13.089075943521397 100.42388209599945
14.209662666752546 95.56865890559806
7.825624620972768 123.15077569220313
16.214995702132793 88.23553263039102
14.26885134580105 95.33871236148579
10.932042733345687 109.741825288985
6.319805087475589 129.69468484103066
19.622715472388137 70.3278666163782
17.28619145752583 84.0139991036933
7.073420582057598 126.40341318669995
11.97108901422419 105.25609870633252
7.738116700101047 123.5377930777751
17.493274700625864 82.88515615907295
16.648794087712734 86.75784434082175
16.191993129083635 88.31687554955252
2.7031799486889962 145.51651467776776
6.9395655435961325 126.98995575904208
15.686659069766694 90.26779378715267
15.866221967109931 89.57094783129614
5.701047950379672 132.3209271987224
13.144788013731942 100.18320246053781
4.182705167554198 139.0067775054261
17.444804927991996 83.16809237269888
13.340617456342303 99.33725597735324
18.596647997526954 76.37898475819068
6.239187968149799 129.99834884042264
7.57367927781732 124.23786293625545
5.869487401699524 131.6115125941348
11.902852580111603 105.5509208248231
6.552010518922314 128.66639208006342
6.856560146036656 127.33775065236546
8.040507853823941 122.23185412589052
14.907017974151307 93.26859718162257
10.943425469753238 109.69488789042668
10.509048519072245 111.56825954302776
14.104400042007892 96.03875836865204
7.833530697879915 123.14132460898718
10.474907301266748 111.71567060227305
11.786993956039455 106.0095020907716
14.88013779902646 93.34747546499275
18.628721883676274 76.1357709206049
9.65121637654736 115.27677117932167
18.139760406120025 79.07531619000318
6.486816364522352 128.9647272983614
10.463010037086317 111.7669211134662
19.125504629209793 73.27288774997413
16.335196604209422 87.80856429368535
13.689179422352694 97.83531885177244
5.630247186043365 132.62655793772365
17.522567725269337 82.70808996595133
15.700354141405615 90.21518176344574
17.731246328704934 81.4808504125811
15.521661624836117 90.9008275397183
3.3091331665214323 143.3813808156416
3.6091946584573913 142.13997954451875
6.527871536610309 128.75412218238256
10.662693574398732 110.90486505521004
15.722113863398818 90.12679276857435
14.731757128832674 93.94620307743065
11.001434929774415 109.44144780191637
16.525601264391995 87.18010204299074
13.74128675840649 97.59992625760515
3.0131874914689654 144.43163368027058
18.18237461357179 78.82680537307553
19.74701476346781 69.58159875007692
18.4208959291593 77.326875733099
4.853912118819769 135.97752545605186
18.98267149654361 74.11365651038741
10.057134865011296 113.5189988957721
5.572380036825066 132.87649685208362
9.131228813491528 117.51490892903992
7.794732182998278 123.28490951992737
11.606975775584388 106.82839720853681
6.029615679216604 130.90823672151623
12.540891843079718 102.79441451512143
9.952114812044563 114.02576975426967
10.709746673134113 110.70521961806459
2.7751601347024035 145.26076498700786
16.20659556507981 88.25649197266486
18.977297731196096 74.1530211167159
19.309193982549587 72.16853215450641
17.423257684285467 83.3080498962849
17.077521973330004 84.84718513382919
3.325855319140026 143.3040667809551
17.89270145560875 80.5123678031581
17.289527072784438 84.0843406042217
13.067022024720682 100.50883252642002
6.86386754485281 127.31395300371254
19.390548240423566 71.719113768395
10.760809020303771 110.48361109584316
8.965633298419275 118.24711445806405
12.584484342309182 102.60833451287584
14.822988030003513 93.56487025505481
10.48915236438877 111.65405470748975
4.8833049484762965 135.88455104604287
3.053082138971126 144.27260106822536
3.714745805815923 141.55300367330364
5.807816009623254 131.86011285349036
8.281971948085685 121.21588752529419
10.824284425987818 110.2086253202538
10.790921712615361 110.35304502718782
13.801343183781686 97.3539794569443
15.238028190036124 91.99315809765574
17.2469037460929 84.16338783440017
13.983110100052784 96.56419288044043
16.396038652090926 87.60525171699553
13.029405565963192 100.58161878664468
15.397988014929648 91.37697927372758
7.268781042431494 125.55628010063842
12.539198856216158 102.79764438057377
5.177020462780222 134.58672154095558
12.282080573637938 103.91110322759337
3.946276210869791 140.28900427586666
7.350461718426844 125.20139242278167
18.359382603905736 77.68629516063658
10.891804138516816 109.91550260789353
16.181103236923285 88.3553854837921
16.95794340870533 85.32426110626025
6.3786573172389724 129.3975640521428
4.854159858166893 135.9763955000459
9.440277366884649 116.1808651786961
17.328164785071436 83.84195162458221
11.01877506287485 109.3670913301795
5.803144425738137 131.8943732785994
14.50804849838051 94.77633812697005
18.55243285687088 76.5525925107664
4.893516470522539 135.84042710874473
10.15177094097522 113.10981966417322
7.182224562242589 125.92754568085047
6.140276640593712 130.43826049025182
17.080546014563087 84.8302010105736
17.73391370633807 81.46261409533474
4.574228074777441 137.1847994719028
6.768514240680865 127.7477090268919
9.126652373674695 117.5424174446464
4.8832730311370955 135.8997403579117
7.737734705279512 123.52977307340572
13.273921515139321 99.6151138486833
7.286388470582118 125.49163906418221
5.422167412686091 133.52464637496624
16.01627297805518 88.99085405800642
10.046483238321196 113.613479913789
6.806977015551586 127.5596761983036
17.3590871138874 83.67021222494506
16.501444904861977 87.2605008476354
10.236218748954318 112.7453020182447
10.050857180352663 113.59434917226355
18.458671366663474 77.20347499672411
7.414045820382722 124.92757536158369
12.52733882893146 102.85257196935882
3.0275589067242645 144.3639555764844
8.994001378837712 118.11249366601007
13.784589316473665 97.41277294622464
18.44562578754605 77.27639045156687
4.103870352979286 139.44028905263582
3.8230094203820153 140.95889625916976
19.11120414137494 73.36297615097584
17.14487465178386 84.6607076096818
8.89629379093145 118.54701491885046
11.491071261471212 107.32817168156222
12.131236695457009 104.50556741763415
8.755614825349044 119.25304363063921
9.5763722426213 115.5943116745017
14.221567935598998 95.53363722604705
15.289152573367447 91.79701085324638
12.154483410819825 104.4040105097647
18.960840036530872 74.24361635814245
15.287514504592288 91.80334138953296
14.50469145290844 94.78248977840082
5.932909181187469 131.3208803564895
6.503919752025833 128.86868103785605
18.141375018183997 79.06068738401592
5.927162033633759 131.34518285795775
18.983458284286108 74.10902538023112
8.894521365356992 118.53837875553324
10.923057597061367 109.78061348855583
7.630617277827798 123.99505258340002
14.033947176668866 96.35270129062052
8.654826656923117 119.58044266898456
6.609925594811856 128.46139003529083
4.965992135230194 135.4938406820029
15.9608447188513 89.20596309713295
7.797006420072379 123.29565254932427
6.916434895890629 127.08592947180036
9.712495945288119 115.01103772599735
7.575274840802655 124.25884811745294
9.796053006191322 114.64752382287095
5.812778395932193 131.92680709056953
17.663617539935778 81.87639464294728
4.984962180452438 135.42947194804947
14.873785995213463 93.3716249205288
3.9479343926348918 140.2848988684255
6.070655804558939 130.77248299204206
16.211159744585395 88.24775642887221
5.4668836049051635 133.3456223864781
18.283863139612162 78.2048624815709
10.696708470468417 110.76169754226677
8.846196385985717 118.74516964886406
8.28916940940015 121.1550368601719
11.548684612114185 107.07910433397205
17.15161528984822 84.6338450671658
13.42488394343728 98.97721045282026
15.447338807450322 91.18746070703122
18.919467565561312 74.48568732026047
4.085554359898423 139.54652976231355
9.176255971786807 117.32293566459974
3.0468633240714595 144.3121286585336
10.658842722093041 110.92152122289662
11.972628747197149 105.24970854176064
6.8445833924828845 127.41818324637177
8.692903181327074 119.40939893267561
15.688139629006027 90.26209928590899
9.511998363838776 115.94853350317288
3.534041483627967 142.52856316638395
8.428514280866445 120.55155886100715
14.610449455022454 94.41597458491563
6.684108077230058 128.0903898009483
17.59201782887061 82.29956664549047
2.1873314059156304 147.36244340587618
4.187789143726755 138.9764008692979
17.59218298843536 82.29794674374054
17.487534139189766 82.91547714213488
4.867598071218918 135.92487864917854
19.074694251701267 73.4429575576236
19.649600004483098 70.16033101085287
12.299968013111988 103.76840280288474
8.289195399233499 121.15505673626699
8.324868851970363 121.00597608503404
2.8115778187295 145.15685276187008
18.545713497032647 76.6195351990342
8.545611905648865 120.05229122840656
12.410390557031516 103.36067452622753
10.624386738528104 111.0703236087983
9.030555344836948 117.95193456986183
8.04960024250046 122.18833541568792
16.14443072080702 88.49634675018021
17.193486785883046 84.3888721951644
11.421989215453355 107.6264522405987
14.416674222495487 94.9570813976836
19.654541619190333 70.16610501647693
3.8720689038544345 140.69745504858042
12.980933817494039 100.88497768797701
17.788778092549418 81.14050209828372
18.26963864544207 78.31160705025923
6.694606095392453 128.03819815665253
4.609553983154128 137.03235976059938
19.618546966563745 70.34352897931021
10.528119230569075 111.48553523525742
16.940541872723763 85.39139261743142
9.69398702962365 115.09163529159292
11.026201883202056 109.33495168441672
18.491507215958137 77.00978245005851
13.548358956566503 98.44826781024823
18.345246769011197 77.8421336842006
13.206609974589325 99.80745482088267
9.679495747027799 115.21678512433586
9.765128245578087 114.77911351042347
11.31580674667182 108.08501363045211
10.445267593524633 111.87126067464844
13.004111378621921 100.6921298753528
8.27507597897055 121.21084893518851
7.953648614874625 122.60572347455951
10.45829549144939 111.78738355336277
14.460345096524541 94.84639142411964
12.08242794041586 104.77471955931419
7.625120909367801 124.01631006710026
9.875613002977834 114.30423384650003
13.99208545848557 96.5088777078011
12.934174712916398 101.08388770960408
15.073010024166287 92.62593346098518
14.310641123315037 95.143668240354
7.153329947052241 126.05226817754892
10.345568211664968 112.27425844067389
12.95675232939221 100.97952827232675
8.402435788242391 120.68172740776066
10.273901119550377 112.58354041834345
11.353428999186312 107.92245698674719
10.22174377966517 112.84780304063099
11.410467638620284 107.6761921685649
7.936521162710637 122.67318294129969
10.729961519916376 110.6176852952821
6.637294307876233 128.2856257263977
14.283997237825158 95.26989138223185
15.401676747417183 91.36275792768973
16.32157955273299 87.85120845570393
2.804957757279894 145.1706030444543
10.064633007926002 113.53418423242192
3.853763043262207 140.79700645845514
7.4519088025887 124.76747739084158
8.75147570374169 119.15692283477725
6.948445605973308 126.96097840000834
12.19585152481927 104.22326723905117
11.855869091573144 105.75374643718317
11.544866761323977 107.08163853609618
4.881359004033965 135.85909374344982
10.494388074578634 111.63155496784628
11.844778728125151 105.79025882386604
9.276898587013495 116.88609884668122
11.814812450274335 105.92542620853504
14.628403718259051 94.34669645547459
11.24960132582977 108.36740325146302
16.820816893638316 85.91087423873995
4.802019591525035 136.24895341061983
10.05795777507578 113.51521249965718
16.089890574231987 88.7070234201014
14.625201345225992 94.35700221077948
3.9709098106145087 140.15512287455007
4.642260136594264 136.8934755461483
7.18360936946432 125.94449005191586
18.26253070466469 78.35657671540346
5.954042512733264 131.2288778875305
2.3165246890059557 146.88715628200333
13.786073523408906 97.39905844061155
13.215436436101623 99.88380884017624
12.42714959190874 103.28558263897227
6.508104216519828 128.87054342796608
12.783600764232702 101.73842739705859
17.55841495018629 82.49490890804864
6.0051528119053845 131.05015204046873
19.2908551913693 72.27672767813638
4.664950831643241 136.7933199029828
11.673406123995273 106.54105843984816
8.89511791562537 118.54229434626623
10.269216616742252 112.60962779315089
7.846068234017184 123.06212830809552
19.346120824130587 71.95071002839987
5.121467067341701 134.85523565998318
11.19289676822495 108.61341961845667
7.992461416565238 122.43023743099765
9.709880445996795 115.02297332109973
7.992332784622018 122.43560397667233
15.25799907182328 91.91624754769961
12.10543867011837 104.61827481484985
11.742845537821038 106.24205240334085
9.837758025437878 114.46770479057916
6.69235911471278 128.05790530493567
8.298864833137776 121.10808952356604
15.63266405108022 90.47427660100956
5.717135809209721 132.26965283621513
6.461073257272115 129.07389873826037
5.597182849129987 132.79800317115345
9.377506042504619 116.45179623088683
14.986731072841092 92.96329042297131
4.659422039219611 136.81755880094676
19.718548043272513 69.76290848950055
17.257206967161288 84.1220952468478
18.64202432138059 76.10613566282365
2.222881242291148 147.22556170800556
6.33383757098605 129.59175747640467
14.472238763671507 94.84155159496487
14.871815479486193 93.40653728155681
4.431466882780564 137.8009047542791
17.325950329680282 83.8618475957687
7.457537146713166 124.74315898849726
14.387492908539215 94.99362359850912
15.926456572297774 89.33844720896462
9.8933091917289 114.22726366825863
12.84293474316823 101.47798098502858
11.273082304329826 108.26571714897548
9.272498401836463 116.99488071511637
2.5380391290442343 146.11784804627214
18.17190825943638 78.87572044309545
15.38180263089649 91.43942002645719
7.298269877417836 125.43164704636787
6.462837070231233 129.04613481483193
10.306038688390766 112.44464626584482
17.3471606681397 83.73968911533703
4.764753818199197 136.39693690140376
15.186790981443849 92.18956373130129
8.778737164413867 119.04042904144661
15.163742609546063 92.27824092955152
10.428748495978283 111.91495826970686
17.62221011188043 82.12093024085664
10.013502393114168 113.70693731290872
4.840159291995631 136.07622020622813
13.095044840588884 100.29486636276123
5.653179540946285 132.5306229833508
7.830895541560638 123.13603756769287
15.171957676694129 92.24664787640376
4.887423805106379 135.83295170938086
2.839269403544229 145.04883612309592
5.250584863391695 134.3080785638694
10.516313614748348 111.53688512692601
17.120626086607267 84.66956241004502
14.29504230904895 95.22560744236824
12.383825451640773 103.4686514128115
19.36415108103195 71.84431329137567
18.46334548367075 77.17396893356093
19.108911665821296 73.37059863344342
13.0083616536296 100.76515464871858
16.738387072095744 86.3982857806185
6.882146807662371 127.24753703196467
9.249459503815547 117.09552332261161
15.334809415168941 91.62078939416611
15.397692652885942 91.37812214919535
2.256484120975472 147.11704319783036
6.169775861380905 130.29794122173513
4.489183057918203 137.5518811340981
19.11466337299489 73.26638826687926
4.747442967990916 136.43713034089757
7.892474727990329 122.86182695981206
11.171238690291489 108.70736398190613
6.1204245622358 130.5275051510169
4.778907891573278 136.3488854477156
14.474567057572475 94.8241103215222
5.135607968480556 134.76337928032308
9.38545877952193 116.4247746796101
15.251356212274244 91.94180820598714
12.206946143912488 104.17478944312327
17.644255367403364 81.99064243753259
6.125919917446933 130.4884098657769
8.867001171587523 118.67090261955508
12.580986455245087 102.62433476942441
5.473629815838275 133.31719957049742
19.7695732295401 69.45254326464854
8.498193378710868 120.25716407856106
12.01972875935491 104.99271063222899
5.362248941143657 133.7832741242954
14.634144583669809 94.32488244111178
8.722665188207012 119.28788642533442
8.11852295006829 121.90657189167239
17.919296705153187 80.36737168946641
13.733861721397284 97.64137785391823
13.975257775997845 96.60608175084555
17.934343957400433 80.24840332229692
6.944680018559481 126.95545185176817
9.487395668184396 115.97799981414586
15.068467832161037 92.64344430076068
4.924570015066324 135.67249696273186
18.035580184473794 79.69024281994055
10.44391115727108 111.84948641247583
3.1386717770944887 143.96916166870793
17.80578750122081 81.04220487000924
13.436052884334634 98.93312527390758
12.533388684583137 102.82819393872924
16.521531550331787 87.19247491218513
18.69594233315344 75.80804392669054
16.45935302719934 87.39360111841486
8.016716973158987 122.33347066204523
10.069407993857638 113.46621792525691
14.918485063526743 93.2265194883141
4.666301999002703 136.78959313515315
18.85103679031671 74.89563178152036
8.811692931711523 118.91291395338781
17.685085750230957 81.73629798669563
11.572445723527528 106.94681898309132
14.956468571685033 93.08000285334793
7.867630879106439 122.96919762549574
15.18999690084793 92.17725049039217
6.762652393355808 127.75012993527403
14.708749286889425 94.03702689395075
3.476089221505135 142.77071760810134
3.2677318179592643 143.51058537178318
19.41975817866023 71.5162782179874
18.464834959500077 77.11736181474066
18.71531463817449 75.59655233687062
11.972426350736667 105.24994705490174
3.487195442297839 142.8050336862766
17.467438374480185 83.0341871200682
13.957937958537123 96.68066679767597
13.173211417538324 100.04175422981993
14.31290467061363 95.1200057491477
16.439344401892022 87.46045436425479
3.254097034627721 143.55903335356845
8.43546516806998 120.52752866204168
8.084574553521517 122.056338268186
5.401950564737323 133.64174638919715
18.29910189589461 78.13825768691964
17.962782306627552 80.11871180182561
7.5692853241207985 124.2622966199513
17.82255778316042 80.94359956226086
7.227373867688361 125.75531335405505
13.366458798069857 99.21837705261163
11.459013496111313 107.46667825020658
12.596328461586722 102.47367396863169
7.789189458402776 123.31127516006609
5.466632825811449 133.3327973361204
17.900103238556543 80.4869661536313
10.578472480852842 111.26867709976283
3.732596717668444 141.45593379390107
8.904282599608301 118.494502275619
5.951572718628509 131.24065745528642
15.376418783722784 91.45953463468967
10.687976261365401 110.79569560292059
17.92843671652629 80.3177808322134
18.022113093829162 79.75675817216387
5.561581843686862 132.92295722435972
2.773188859038486 145.28334423103166
14.220842854712286 95.5211451002821
