2.244809974194782 148.33566646397847
2.2702344146774536 148.2899613833158
2.3296796990006357 148.00047301494303
2.3967577870124828 147.73493136593635
2.4024593383673363 147.71530769725263
2.4300242670741277 147.60643241117052
2.454003308053032 147.50943706712454
2.471045647312488 147.4415154811735
2.4924946058792585 147.36189681326115
2.502129589322177 147.32251829366612
2.5152283640049333 147.26761455619516
2.5553226215332003 147.10925176855451
2.574857046372408 147.06088329114962
2.5839443688046124 147.05186550680668
2.6050386902691613 146.9686184577354
2.704770242780242 146.57501214664063
2.7181973100947694 146.46595698189796
2.7506592705588027 146.3377472243157
2.7540597337446737 146.32431495925294
2.7781877223065106 146.2290190213373
2.782062892584923 146.243095271881
2.795566966813075 146.1627193247457
2.799515597634093 146.14477419229246
2.806475097452969 146.11729151560957
2.812834247320227 146.09496469799342
2.8162924656913155 146.0785172293053
2.8228041095125285 146.05279756225704
2.8319871839623314 146.01652368871527
2.8346358164914918 146.00605892464966
2.8380859288716724 145.9924467809263
2.8829637342844716 145.81518878348703
2.8958304749774886 145.76436560833835
2.98921959622756 145.3955149736799
3.047717999487814 145.1644603372663
3.0485159329678115 145.16131494521807
3.0574041519983375 145.129488347953
3.1115511580143362 144.93853671480053
3.1486193478117936 144.7653135646648
3.1670229869193474 144.69243786201224
3.200953651611009 144.569722850918
3.205141915788241 144.5414053782413
3.2124064035150273 144.55574995606875
3.2583121498998366 144.3072093249985
3.2676198539598484 144.26544964921146
3.2808432582528138 144.20614931950632
3.2811305143056124 144.20484743527783
3.3219983873411536 144.02155008634506
3.323613506029555 144.01075041007715
3.333009869365122 143.96861706370242
3.338725606204065 143.94652776542262
3.3873960021129053 143.7250822271809
3.4095050923142383 143.62724811192209
3.4272318811809814 143.54857852755038
3.474095654366219 143.38484919423507
3.4956763352852445 143.22946782085813
3.5047190747674533 143.16936250930178
3.5332111261843373 142.9547901247427
3.550042709680188 142.8337914144596
3.622395264650928 142.31369661561752
3.640738108826673 142.24957633285268
3.6586184048962354 142.1238848765185
3.666671706863247 141.99830273870734
3.704980113269614 141.72017157106978
3.7093472158712526 141.69245932548858
3.7198768980606323 141.62546098415453
3.7246310617281226 141.58457585655157
3.741848186416531 141.45906427887797
3.7914183473161494 141.1061791176017
3.793179880465325 141.09750817111808
3.8088553470079347 140.97388879769719
3.8331996642021258 140.7988599043224
3.859379481712528 140.64253839164766
3.8693300921764227 140.58146113904132
3.8772253273207307 140.5241225799217
3.9262083105039567 140.2060802133406
3.929073271665472 140.15820068787497
3.940359344131446 140.03846013441114
3.9493813120119547 140.02971862778998
3.9498276481363215 139.9600519206899
3.9625971169384435 139.91423454008998
3.97210949726888 139.80131347485204
3.9733223561584774 139.85647460775442
4.040825502068558 139.3162284299039
4.045741785554207 139.31923767070074
4.072750947259375 139.09750591668973
4.0826615343931625 139.0053305257034
4.100457224182623 138.8783958196213
4.102308429856218 138.90807281720225
4.106289991265299 138.8573033075103
4.116110905874668 138.7647502707173
4.118943443072552 138.74640761636218
4.177400809753833 138.36880851844927
4.181789697206036 138.30343604169366
4.187615878171099 138.27104794474226
4.190510730174088 138.25040065716132
4.19481501134619 138.24831963000526
4.214744603242159 138.08756872953938
4.217482401671306 138.03609858749547
4.224476858575971 137.9858359182284
4.232635031800355 137.95142045957766
4.2342937201898865 137.93908734257343
4.25902763157209 137.73935941963336
4.278303677951108 137.5989238759604
4.285123349426821 137.55770482995987
4.326458836812863 137.25277571711536
4.393979714578055 136.76838534169065
4.418556065761985 136.5936694968136
4.430439955057418 136.50536199393207
4.466436127557303 136.24662194466563
4.473374349150045 136.19405563597743
4.476481476789935 136.16969748144294
4.480113467341112 136.14304860694915
4.4893213663880704 136.08208961710864
4.491618908186031 136.0647715754555
4.494972255299749 136.03922681804406
4.4960407262262985 136.03290025697646
4.501973298322027 135.9895803077248
4.510702943905418 135.92839174898594
4.5109243387820905 135.92609307858862
4.513399199131164 135.90895292798655
4.534557355274113 135.75694055272763
4.554317734609879 135.6140761502345
4.562019945845691 135.55487023198103
4.587566989440845 135.35328091273564
4.591641769745366 135.33566671726567
4.59896097291078 135.26909173675705
4.612666683662766 135.19506918341767
4.6183697548909155 135.14256051540525
4.619027860027752 135.14943466289262
4.62942632648931 135.07094098196245
4.630908709576594 135.06430832903047
4.63343372574441 135.04415396860782
4.634936373808964 135.00845650182367
4.640489484205316 134.98608098777453
4.641453590498926 134.9609426965077
4.654026489021532 134.87137107397837
4.663354964683244 134.83110210532323
4.676564690116553 134.7134157462871
4.692920553270996 134.6184835409116
4.704378878043763 134.53624023464246
4.711585103960898 134.47024762372
4.716207038651704 134.45101153889058
4.719128235125143 134.43017145318726
4.732427126458439 134.32420801503605
4.7350767722364635 134.30519354866686
4.748578313342456 134.2184314121787
4.759558891276089 134.1068569523832
4.770499952504045 134.0566598742299
4.780550874605425 133.98718894666646
4.782764316747718 133.96696601371573
4.794199336796626 133.89057522364624
4.796488265979247 133.8698911652894
4.8069399280061385 133.79899214029365
4.819937377802546 133.6759779939683
4.820660330866645 133.70031726621244
4.824781720618888 133.6529167546385
4.833324928411396 133.60596941803266
4.844812130776773 133.4913439776406
4.8458583102283255 133.4780309691484
4.8475990717758 133.49087291418695
4.847687224426924 133.48435753021602
4.8490718289988815 133.49061850016977
4.851342519701961 133.42125390971512
4.857755878383416 133.43347472678204
4.877341978914661 133.28063749357682
4.87819817420431 133.25771041788892
4.887397460635928 133.20528721708536
4.926950643271092 132.92990391959415
4.9449216251139365 132.8068112626932
4.955673715428851 132.6785846104301
4.970173813289813 132.61391674124553
5.076896276334539 131.8553127765258
5.079800247577299 131.8042908404262
5.083309128391561 131.81114113659945
5.085253552960597 131.79067571528861
5.099839776974957 131.68209260780435
5.101394607355981 131.61511016734636
5.1996564423905705 131.12542678779886
5.213306424455065 131.0721946299251
5.221273093644249 131.0407138767146
5.3009119211923394 130.68385051500576
5.315767669404386 130.61111593262834
5.325073346966671 130.5586509920251
5.339717326166248 130.50256065167721
5.355592402734966 130.43786396215475
5.364107746183728 130.35925897509208
5.385111888499428 130.30854511846638
5.42987418354179 130.07999387622954
5.4377471272111 130.1062362845787
5.440789913548158 130.0823988837356
5.441807215407101 130.088685692613
5.450235926078037 130.04130108191515
5.4844467540804525 129.87173811469052
5.507858375695802 129.81489248272914
5.519222974948697 129.7569536655377
5.524792803951297 129.75602942711598
5.525135788691588 129.7516865003385
5.530933092064042 129.7310451755861
5.538074470053913 129.66976717441935
5.5443373612791405 129.67607385939186
5.5617247117766135 129.56025982851335
5.562980633742908 129.6028582755132
5.572057823686476 129.55599640611626
5.596345905568745 129.45785818660252
5.617120547016863 129.32950830254987
5.619429234552323 129.37624694015727
5.634724226146693 129.3149917964999
5.667080302104492 129.1718858994514
5.667455204183983 129.1807257927433
5.672723591649695 129.15990558313507
5.683343452987925 129.1112936235653
5.6860386949648065 129.10883395679775
5.697102359305245 129.05375232827572
5.716579535583667 128.98614875984615
5.724867404662575 128.9523892123334
5.7275479545309365 128.9421033331236
5.727497292087762 128.86529216364295
5.742578488171935 128.8560835687871
5.7541756280389995 128.83513018934178
5.7575968628265715 128.78827229516384
5.766632002942305 128.7851119960443
5.769746729948671 128.772321728853
5.774239982033814 128.71987169532107
5.777498590378794 128.74144023990948
5.778619243621813 128.7368329610673
5.781906729559403 128.71660207767854
5.78233533382866 128.72172017216457
5.789064319531091 128.69401985224044
5.812603103878809 128.60043325850268
5.81625383953396 128.57272598194527
5.836211295773675 128.50041078517427
5.8555734683060905 128.42756092144532
5.867933584567362 128.3782085773334
5.883122185031065 128.31714921321264
5.883536603816233 128.31549552210103
5.894295280248761 128.2711400282951
5.8996563799854815 128.20979842362405
5.918450119905479 128.14175261207868
5.921131176398271 128.15022976663516
5.960434086564153 127.99400763443586
5.971508390017658 127.90347798412311
5.975042602053509 127.93326231261756
5.9939214548780395 127.87158678954899
6.009378059666135 127.80972244357704
6.0132025675013745 127.78314214161132
6.026861668805641 127.73974865080781
6.035768632940143 127.68861739618521
6.037752574214855 127.6960113035592
6.039623031616855 127.68851304668598
6.0817782373334595 127.51895504848513
6.082134900933408 127.4850663063543
6.086562291842424 127.4870479530349
6.087970707762674 127.49133025772235
6.0936747922396854 127.47095427883941
6.105651393806128 127.42315624536364
6.107120604658187 127.3342912180148
6.114693120039473 127.38603962538998
6.1370864265470155 127.23737040932542
6.142266661361605 127.2177725795653
6.1468480660978715 127.25776328288917
6.159524822628984 127.20655649910525
6.179054181223875 127.08331675910058
6.203407111033405 127.02863165867566
6.206557301749993 126.94239922012167
6.266335438324833 126.77761645376651
6.273391500760399 126.74915885461942
6.2851780675024935 126.68932683937057
6.287582253743338 126.67968693325123
6.2909587029311425 126.67884219920985
6.3021958354770105 126.62921158976665
6.333656706063917 126.50585557460573
6.379323832341376 126.32394955232934
6.422188970874182 126.15157411764928
6.429958411172088 126.1126686491174
6.43143116839517 126.10513859049202
6.453452612569812 126.02418822420857
6.455138911990874 125.99886111003836
6.4678199748296565 125.94617554477962
6.4724542711565975 125.92130458699177
6.493133971186207 125.86581052949661
6.4968520878907805 125.84829968972109
6.507165644097578 125.81038603833427
6.520831939468775 125.74620314586991
6.570753596399137 125.55425671415811
6.5758361033608415 125.5345604977273
6.57853783013045 125.52344777296172
6.591400011203581 125.39069533384632
6.5954150604876 125.40199787532003
6.597048417655545 125.41664059457386
6.606613942888871 125.41092621723509
6.653476348188144 125.22023496092831
6.66111796714192 125.12949064878858
6.663135852253559 125.18387164495861
6.664103352930861 125.17967778889432
6.678687955747038 125.12137126394374
6.6817472073781286 125.10848658530075
6.717958695261505 124.96367432548867
6.731736853307231 124.85158905004931
6.737937429727352 124.88309663598818
6.747928570145787 124.76949978351712
6.748689013417836 124.8378934267266
6.776719023352969 124.72352736937549
6.777108617540981 124.71354062539683
6.808618124073336 124.59945879620554
6.81413678400833 124.56481078724224
6.825192848982292 124.52188835989237
6.826582519798567 124.52712074192519
6.833828921033139 124.49789791311707
6.837084844268632 124.4558400959037
6.848053009903687 124.41711450603238
6.851910397664547 124.41310649145721
6.858822578761497 124.39779792301782
6.886525106663951 124.28138760928658
6.899163055763593 124.22330965942953
6.914990154998623 124.17095602495883
6.918544682674186 124.15782786415096
6.978169109396434 123.90598780129552
7.003251578387677 123.81743979766338
7.009143113904435 123.78305912217905
7.011551099828517 123.7775981650527
7.016084375243768 123.76204512064368
7.016003821959121 123.74322245859214
7.022624035396057 123.73979383218888
7.025788259609404 123.71473007627863
7.044101719568107 123.65291542054443
7.124336844072362 123.33124069758539
7.127916652307069 123.31686034278675
7.153186369688284 123.2018373804929
7.154448573797533 123.20858531477643
7.184689847389902 123.08873246137534
7.198318449903376 123.02885572491256
7.213125004883101 122.96587831761549
7.230294506874925 122.89691820569593
7.24010609959475 122.86424190536566
7.244841518158267 122.81614175524452
7.252362357847515 122.81695667514325
7.256876178884586 122.719901702812
7.258067151598732 122.71033136302549
7.259900118792784 122.77443176969523
7.2695561778120625 122.7356435701244
7.276106629064747 122.69058446255221
7.321965462027178 122.52505634263113
7.33835628226741 122.45772607050904
7.351002894644835 122.4206969053538
7.351930523979359 122.41674156243062
7.366744982300219 122.34907339669198
7.372833594720925 122.33189051248547
7.376210246558502 122.31945801500581
7.385686149929853 122.26348693122846
7.387939615402253 122.27232185549659
7.420412214979354 122.06357316679927
7.421971604980264 122.13552463103008
7.4234636139317525 122.09483826437803
7.429220893974097 122.08271384637229
7.429772810630041 122.09765073183344
7.432335317005805 122.09319848653298
7.4635325402384325 121.95049806182436
7.47136090095775 121.86193018209713
7.477525709692991 121.91248502996208
7.477939064566851 121.91078562383177
7.504513390522252 121.80405099319101
7.506741727422837 121.79504712211461
7.516705814096618 121.7549172861251
7.521755339807815 121.73481261594016
7.5413991955242805 121.64162354410418
7.545663200054059 121.60414716680937
7.547161288498728 121.61784179632734
7.551399759157146 121.56803230202833
7.55857548628349 121.58425119562288
7.597266546123154 121.39741590176384
7.603080973401401 121.40674772840924
7.6091718656320495 121.38368152005567
7.619247612330586 121.32956885116938
7.62563797026284 121.31238596696288
7.664900350474182 121.14778208546355
7.672048010607007 121.06879448357037
7.698441117003174 121.015864442342
7.699173189307045 120.96785373464876
7.704134055742688 120.99561070144387
7.710579838387774 120.97629113701504
7.71068318977185 120.95824364267206
7.7149594039504334 120.94427074782283
7.72240951886901 120.9287773316991
7.751462403531836 120.81209471546508
7.75812248831155 120.78526198709172
7.762154560176476 120.7687747662134
7.767745312768107 120.74668248651933
7.7695342036365975 120.73949727814379
7.769699869825778 120.72827722246471
7.797341298821763 120.61023309371694
7.798742925974627 120.62215875077176
7.803919817067966 120.59888384341976
7.8057537975108815 120.5285820950815
7.818485776105055 120.53193121710443
7.8192546800051135 120.53976239857042
7.840690415674215 120.43436940434833
7.848444758564055 120.40118626359326
7.865807841751249 120.35274821985556
7.882489667065076 120.28301294022742
7.909919580360807 120.16983845477704
7.922086419401369 120.09709194674257
7.9270283887457085 120.10077896238202
7.935607718860201 120.01869068965459
7.965849853714103 119.94306214783185
7.965988972783061 119.93839126548536
7.990004288071277 119.81871729694014
7.991669917215523 119.84426801718011
8.001210516526807 119.79922878570301
8.013814116489977 119.7187107244878
8.018906553290545 119.73775202358536
8.023376652639156 119.71974428143255
8.036762379400052 119.65614077714011
8.045551046729742 119.63070931347067
8.05257666103696 119.57192576223788
8.057357675799334 119.58328495058262
8.05825470501818 119.57939917399227
8.065899110406333 119.5484123417448
8.071805591343827 119.51339066219376
8.073268722702705 119.50759678047463
8.084309588943714 119.47473165724101
8.08702053627798 119.43905406655196
8.088198438081786 119.45942706402064
8.091492003512558 119.36077206603453
8.094064895689172 119.4358440771947
8.096341919197648 119.41950592702958
8.125255279491972 119.26031828144265
8.12857002182399 119.29382937776674
8.160358982392896 119.1680037577907
8.169281854534553 119.1280925588472
8.206309007753038 118.98497473614167
8.248769505352211 118.7307594799228
8.263691621364817 118.75445178527173
8.263699727355725 118.7527921313316
8.273128008030492 118.68223199375717
8.277274729004322 118.69968320524741
8.299355954861909 118.60181331301742
8.308991140954602 118.57247619666252
8.324181818578474 118.48242754785097
8.327623065031098 118.49742406159744
8.340235986883812 118.43535101662702
8.340578971624103 118.43397956606572
8.352661711008995 118.38566077889857
8.360285142145672 118.33746124830193
8.377147629731859 118.29872273896882
8.391507645937445 118.23598384481286
8.401213303488591 118.20142925349647
8.403497673051328 118.19288253260717
8.410382699078736 118.16293919535201
8.41254269234348 118.13882949200615
8.426212179448596 118.0715290340267
8.430115011420984 118.03951858288202
8.432696465550496 118.06420469298553
8.465211621579863 117.94078408051556
8.466348486804698 117.93902504609996
8.467253014065134 117.93621257864454
8.472607578346686 117.84341109066284
8.476464256833342 117.88417696169529
8.478565481664003 117.80889625153664
8.486303916546685 117.85114289165341
8.493274207465957 117.83127673460955
8.52008411378212 117.64332837942538
8.52506119219958 117.70357282364738
8.536080780214455 117.65452855900938
8.630404116916663 117.27584919532825
8.63193088030417 117.27261932987591
8.632194173021347 117.27417960334056
8.664117693039323 117.1379488475842
8.66840753541512 117.0967158883171
8.669664622617608 117.1236181830233
8.698185399639772 116.97677359248812
8.726613109753824 116.89395984228986
8.72736696690826 116.88047391177034
8.73040164725441 116.87888382416304
8.734632974508342 116.81944436179224
8.746632070199553 116.81450515216203
8.751574495505881 116.78932213968123
8.75221765522198 116.77799276547915
8.754745457824171 116.77494178488263
8.76252518259804 116.71770856906697
8.794213628879687 116.6158435817236
8.80192764446476 116.58695367750828
8.822504955696715 116.50710146547863
8.838892888177686 116.43277480788437
8.843233139684441 116.42630513893211
8.85847351716507 116.35288284366453
8.870869451773666 116.30352056150507
8.871068960474886 116.26985045642026
8.872216667462562 116.27255360535267
8.880799037323644 116.2755350196164
8.899284800251584 116.20090028254822
8.93088722170472 115.99243979722975
8.941336046634794 115.95051117463446
8.970236538668551 115.86562037249914
8.981592626630992 115.870589396272
8.995305328800136 115.80631010474644
9.007440959775703 115.76662748089649
9.013477693854599 115.74252771559817
9.01805661613115 115.66720725324936
9.044594819764567 115.58324068953578
9.057603617948246 115.55488743988792
9.083221234326741 115.40898696386958
9.087614732061272 115.39596812158473
9.103525474989985 115.35489417107837
9.107864966560093 115.30406105788215
9.137240013699065 115.22160507739551
9.141558784329915 115.21887211432046
9.153542579963288 115.17389251112864
9.15925482109365 115.09321544115268
9.169737235223549 115.11478100432686
9.206426115308957 114.9675289538423
9.218870685863003 114.91748094640218
9.226084511146613 114.88835252904576
9.240688973640516 114.82988699533443
9.246334391008332 114.80718849474006
9.248758183614685 114.75231059619274
9.249586615885473 114.79244043218226
9.254182763392704 114.7352072163666
9.258946704911727 114.75655414249475
9.266857290776317 114.64837849495987
9.278523534215871 114.67065959755733
9.290942064274125 114.61580157510508
9.2992105296373 114.5939875607423
9.305097150897069 114.53981526357072
9.322267412825541 114.49981462219928
9.355383020131413 114.35615020687872
9.361359161928272 114.34477114243893
9.363374564580194 114.33331257361874
9.375351470121295 114.28893919132722
9.396713745247794 114.20302477029468
9.398347710365059 114.19654516329487
9.407739615405625 114.15833337048169
9.41761185106993 114.08875709961428
9.417721889896505 114.04292282433354
9.428119393771642 114.07697057522509
9.450599181069684 113.98189327435544
9.452849961432596 113.96394516048792
9.463206226078988 113.93570122936305
9.46574248930919 113.92582281010262
9.468259095511437 113.90217025694388
9.469226038901864 113.9013255229025
9.489598623200951 113.82997034152442
9.509554660892256 113.73910677281413
9.529483442189134 113.58971804210724
9.539676421781177 113.61983032617071
9.541109662298581 113.56894752273675
9.554893393213057 113.55756845829693
9.56034629329681 113.53060653530545
9.573453376620247 113.49057607979141
9.603885343648724 113.36191811626485
9.603666836531314 113.2967245243651
9.611293763376569 113.34115753494189
9.61618532358995 113.32152989103913
9.618005523848321 113.31421548804552
9.630015866601918 113.26594639111607
9.638802051471892 113.23044768528285
9.652214933302329 113.17541077797482
9.656744662346558 113.15477939126993
9.657664996289265 113.14964142068881
9.672879130624327 113.08906902089781
9.688186483854832 112.96399869253524
9.691501631486396 113.01898590960556
9.693705295777155 112.93028883526026
9.703844167879886 112.96933542406728
9.704833554732641 112.96419745348616
9.736501330737473 112.83763641799176
9.744346714037697 112.80637132041299
9.763306626771307 112.72512778172695
9.775220812207758 112.66958403399406
9.807868855825571 112.53532101165173
9.817111559970991 112.5069975761465
9.82038212465256 112.42520744484543
9.82774256704672 112.47167775516911
9.835473453225369 112.4381169686073
9.852264000142249 112.35925856133221
9.855160827980521 112.36153437422017
9.872804277128242 112.279177774209
9.878832347929356 112.2664769494456
9.89936993980586 112.17887306033032
9.931226433411517 112.04384480832698
9.960351765368081 111.93161443739343
9.963994293707438 111.92288883164832
10.01642267766363 111.71376249714427
10.025677287483195 111.63770661927708
10.030122612897095 111.62536356422532
10.037252287862593 111.62804683706266
10.0380126804722 111.61823798413506
10.043965010920767 111.57131052362429
10.049037790693381 111.52841791041708
10.117063063742819 111.299385666679
10.131616255844227 111.19137896595241
10.151113545112588 111.17128423381502
10.180098288789344 111.01323946369583
10.188268874312305 111.01370655193048
10.201512138282995 110.92383678797478
10.216926693243256 110.9082936816133
10.249953387961357 110.77534248154701
10.254717734779925 110.75645025316265
10.262537280234131 110.72508577510844
10.281777001641393 110.64266954681199
10.283556874594998 110.64044342416175
10.286460592525541 110.57921511323273
10.287627703228953 110.6243139729951
10.30546037660193 110.5527202784759
10.32574860793313 110.38514492076041
10.34171006396746 110.35844138700514
10.343524995331741 110.39734884314652
10.354363819749372 110.34652566799785
10.37734643179592 110.25263099478612
10.382791023238992 110.1649972915282
10.409949031202206 110.12233325341454
10.415438408245047 110.11038772026461
10.425255675158507 110.07042683108337
10.426207267828651 110.0553607510041
10.43969675127317 110.0134917566941
10.44442695160504 109.9944902097867
10.454039592910519 109.92234992265253
10.456241787990425 109.9351998181291
10.463829806079323 109.91654610288585
10.470649781529696 109.88896802094654
10.475779809863099 109.85627184452122
10.478953457290876 109.8428952325247
10.481124444305788 109.83847280136686
10.49053139609198 109.80147345035424
10.493810168089343 109.79587832958602
10.497897360692443 109.77966937403899
10.50027910347096 109.75248881400152
10.501085598903854 109.76686916880014
10.509409742292078 109.7000258610078
10.517188808454186 109.65967738797228
10.56015810897016 109.52032608528656
10.582670016257175 109.41795425751836
10.59320061037053 109.34991838402054
10.60005528959448 109.35799801667518
10.603903862090228 109.35364515185019
10.605841751204093 109.29917471325223
10.615130456847915 109.2959746619425
10.620817113444474 109.28591735782628
10.624758094236572 109.2350743065825
10.640768338203678 109.19495440864053
10.644500539067455 109.1668496101813
10.650348403558196 109.1647824962918
10.651431921230369 109.131658983822
10.65533642506338 109.07819228802617
10.669966826728187 109.07491273233607
10.67880342072912 109.05102166603625
10.6839755495528 108.97109988767376
10.691703598634632 108.98113731569492
10.711708196277721 108.87312067692078
10.731364033661997 108.83336848673798
10.743031239687973 108.78408570895888
10.76835476058384 108.6477853868697
10.77290191750852 108.62985714909726
10.781042916164667 108.63172550203586
10.781859189449094 108.62803848639639
10.79511829049952 108.57309102151625
10.806824526871717 108.53855630629496
10.815803735650185 108.4910623770741
10.848990777000934 108.29975496181947
10.874416180070025 108.2512572897965
10.894024369426495 108.1884488293077
10.905710168569115 108.11979679686205
10.914367873483197 108.04950498657136
10.926279505532513 108.05322181635344
10.93386759454883 108.0278499809693
10.955949580343066 107.91653391040997
10.966715552167413 107.83399842554299
10.967768165749249 107.89108257064544
10.972587734630878 107.8726276163531
10.973161740112044 107.86112929534272
10.983955728267464 107.76674765780126
10.996678055666214 107.77611923663684
11.001951028083033 107.75492138122189
11.009002581561155 107.68675631310597
11.016225738866801 107.6443506642285
11.048701418720446 107.52071141471251
11.050813951408424 107.5071360417651
11.062064590561642 107.50513849420841
11.062479100539207 107.51179698606403
11.068908058186915 107.48594812439768
11.101553067124383 107.35319568528229
11.114442712307959 107.28695859839024
11.12091585267236 107.26109979867634
11.123713772222823 107.25737303084671
11.151021634626703 107.1406208482799
11.15479320527507 107.12913246531707
11.166677834242174 107.08246339404249
11.176643076019658 107.05319584402042
11.199815621565667 106.9601061526599
11.233510949076296 106.82190766348948
11.234296946484681 106.82160952206311
11.250245427867313 106.6772593814619
11.256960468732261 106.71683268678885
11.290371282041514 106.59059960686345
11.299916586373897 106.55795312067585
11.308508686463815 106.52307057379046
11.308711164997456 106.52253391922298
11.32380485205898 106.46195158138444
11.333736896611963 106.40679541750582
11.333946282463105 106.35862570105185
11.33765892914369 106.40635814341383
11.343418743828067 106.38322236872744
11.345225932451159 106.37566945259272
11.360449799041556 106.30568572177593
11.379116675137599 106.23302865616937
11.394839176692452 106.17283390218508
11.40643499426975 106.1300108553107
11.439145170307874 105.99862986675663
11.443531377716834 105.97664690558554
11.448462611689465 105.95978203890051
11.475729437514373 105.8510796748457
11.47562116174082 105.8399888137847
11.481868636384588 105.82705941392774
11.482101663358215 105.74660098099781
11.520138858507535 105.66118346234256
11.52972621925387 105.62200767891746
11.533022697775124 105.57044908825038
11.546517358921335 105.49401556457644
11.557045242593981 105.46073304334593
11.582475129289293 105.41023782376625
11.59195047537377 105.37992677875188
11.594180874235791 105.3755639758793
11.595343070682214 105.37126080129202
11.602365523652978 105.34263922436044
11.615935879555535 105.28411406236384
11.617124891633129 105.24757186153832
11.621550225646953 105.25617821071289
11.635414611170962 105.20953895358095
11.642590824656759 105.18149378340699
11.6450275564511 105.16113072398588
11.658201362212196 105.07439144500705
11.667370960452114 105.0094164901533
11.676821329952105 105.02390616347493
11.727930362563148 104.8021684466354
11.74496388655749 104.77022756182353
11.772670062155854 104.62262767967488
11.782604511300375 104.60500752137638
11.799908623403715 104.48512485383267
11.825529431516129 104.44618758354864
11.830571459185737 104.41586660048672
11.84106118897243 104.32243901550964
11.848369631434915 104.35119972510688
11.858107530564897 104.30679652867272
11.888497123525903 104.16227744126324
11.903686382601368 104.13118129049275
11.91486246690321 104.06585850397491
11.924248312715575 104.04539606407832
11.924276207456787 103.9806397462706
11.933889507374026 104.00906256225127
11.953274781980529 103.93165510991786
11.957263993418529 103.91723500292905
11.958611918381628 103.91200758992002
11.958803219767056 103.9107852100719
11.970997264539601 103.85693093042178
11.994151723593397 103.76845249312247
12.000117834226508 103.74375644497141
12.006379762865315 103.69489106518922
12.046471385946536 103.54019541709295
12.06006021844212 103.50105938585801
12.060878214249614 103.48231622818685
12.068963382893383 103.46868122695416
12.092660284726248 103.37355423584677
12.09681566897786 103.34806314389205
12.099567754215983 103.3180601783516
12.11810884053187 103.22691834431004
12.125373632233314 103.20420990566812
12.128821870103097 103.22825998072871
12.136698410805874 103.19666692758095
12.14188675161137 103.17579702773499
12.149945221147586 103.14111324180053
12.15093653317318 103.1394535878604
12.158043308714364 103.05944236707
12.173800341790484 103.03566061929315
12.182650969288176 102.93643915259695
12.194500053485148 102.96001220137532
12.206709904939965 102.9154400581329
12.2151590325755 102.80132145816567
12.217762778180008 102.83713818152037
12.23853427855665 102.72915135688886
12.265786771976384 102.67806979250398
12.269201167334126 102.65807444084204
12.287897787350559 102.58796151540716
12.29814902875225 102.54377695601903
12.318159629894856 102.46766144986654
12.319039839182569 102.46395455813202
12.347845643110032 102.34849432174613
12.34896867748788 102.34395263401775
12.36813397576612 102.26462713850802
12.370879981511061 102.20752311731044
12.397854135467997 102.1388710848648
12.41469696602623 102.07134205179182
12.425934605196531 102.0347998509663
12.429147009393336 102.02192014134707
12.44461714105376 101.91538427165722
12.462300562869146 101.88628566844343
12.464610010341254 101.87942841563691
12.474632054850025 101.83648611219196
12.482917796106321 101.7989103544217
12.484299715568792 101.79856252275759
12.497813972948022 101.74604987952615
12.515126292367155 101.65983731706726
12.521339179760968 101.65107195913195
12.526797754038357 101.58635539351438
12.528309572005126 101.56608177652116
12.558719095571277 101.4890320938994
12.569070040661137 101.45939683611813
12.572559011135233 101.44242265091009
12.578840039515116 101.3980592066661
12.585154251795277 101.37357185751353
12.596149217862772 101.35065471987315
12.604107426423946 101.31907160477293
12.609374395341248 101.29541905161419
12.653796492077694 101.09517733161599
12.663401078054708 101.08001187106126
12.68756620218739 100.9540272423245
12.689506928398075 100.97568224792657
12.694209416373528 100.91162159344702
12.69707513747169 100.94455628301344
12.754305865078832 100.64097874463513
12.76974478867426 100.60065014769471
12.772432228634893 100.64132657629922
12.79099981140856 100.55987433861472
12.799846841872785 100.51838299011143
12.829786167303833 100.41120114733113
12.83193982776318 100.39638351844049
12.850039644199018 100.30558951606304
12.85134597529627 100.32592276134153
12.882449523671468 100.20101144173971
12.88740253742842 100.15080442553885
12.896854781438808 100.14166142179681
12.896932396301752 100.08998357455918
12.912265283403615 100.08113871224353
12.92344987899591 100.02679746826367
12.930112496897785 100.00938600896362
12.941424407209777 99.96299520302031
12.943711411219558 99.95451804846385
12.946227308147602 99.9407439145655
12.970420701923576 99.84762440906236
12.974083596565091 99.7615112270789
12.981783730640734 99.79429684593217
12.987621969267272 99.77811770452777
12.994412915137705 99.72587338858004
12.996303282879873 99.74001523023757
12.997266071949962 99.6715520206953
12.998723123815658 99.7085911238981
13.019795153805212 99.62333261400357
13.03410607810336 99.59177931304599
13.04202497260863 99.55566444826495
13.056828082542218 99.50052816048144
13.07626553946519 99.41991071879077
13.07884106608885 99.41201990903949
13.082240161388755 99.33728579149586
13.08562795896383 99.35390220699226
13.088072421846999 99.3744839034594
13.134676499348524 99.18235163025848
13.148122109117253 99.09901116354028
13.16340382715151 99.06826284443392
13.185043124517287 98.98334222815596
13.197819230099466 98.9244294823051
13.199681074886128 98.9134081875769
13.205204699740552 98.87082365384362
13.233907608245929 98.72274674541276
13.238113604278272 98.76537103133624
13.252185655156852 98.7157503599406
13.255776963766161 98.70022712967423
13.262601093536874 98.67302669354167
13.264377116144798 98.6659011134514
13.270822594815225 98.6128120634623
13.331183856111004 98.3984086257115
13.332193457278583 98.39439365450303
13.34776420455115 98.33090940678115
13.357171561636887 98.29262804763513
13.395393132615654 98.1157606154644
13.406559591053293 98.0956460072319
13.411193786055346 98.02231315439225
13.415665405277254 98.05799074508128
13.418656718572047 97.98455851176615
13.42394699221321 98.02583122322342
13.426782062533253 98.00902598482364
13.434595933793823 97.97366641165607
13.440416035265704 97.95967364071173
13.442529672394944 97.87696920903645
13.508408580376852 97.67536597652452
13.51079706126031 97.66973110356611
13.539191739461414 97.53244691476988
13.54600604071815 97.53370904680818
13.549837793282766 97.52011379776566
13.550093638620796 97.51819575458934
13.656341090598318 97.05115721017947
13.65845097870676 97.0824421838533
13.66678495060896 97.04898077776694
13.680739768594034 96.98669903379808
13.681293762410148 96.99204570337767
13.690149658801928 96.93987095376276
13.710887266004088 96.87315684058852
13.72564989664558 96.81385651088335
13.72798685382433 96.80450480814287
13.735355148897181 96.77487948840916
13.748829433608746 96.72024010300292
13.75262911684683 96.70547216435003
13.753672155226907 96.70065221129038
13.756622381280284 96.64011956368954
13.758705570281176 96.68108419567288
13.776593009755224 96.6045115393333
13.778200782389366 96.60211646987482
13.792958245461655 96.50920566337011
13.851446921532817 96.30847697904217
13.876953536498316 96.1967832626761
13.897446292112614 96.12377836540544
13.903620422737397 96.07824223155109
13.917895376700892 96.0327458498869
13.94524174762783 95.9301156328825
13.950324913201296 95.90776496395225
13.967033893584665 95.77437648979394
13.9693501804866 95.81516223692147
13.975696816730395 95.80942798348758
13.977361432625777 95.8026204209188
13.984877712695141 95.77248826076026
13.998329908581482 95.71844515820676
14.015457715382574 95.61475157011498
14.02598927208235 95.5455926972445
14.045759783906751 95.51629533307978
14.050459586772718 95.49864536063863
14.055250683361283 95.43591640453022
14.063831786661286 95.44328049776158
14.067324759468391 95.43679095271425
14.08798561306914 95.35827043905572
14.097369614768573 95.31867725763367
14.11879678848478 95.22545837165507
14.147189034888608 95.09228853454275
14.161228104516685 95.06414398389336
14.186868063032618 94.96114605912976
14.193562142311702 94.93428351661376
14.20312543839753 94.89329900853531
14.212194015725757 94.85939039030939
14.214351729180558 94.84996912123609
14.214874413606788 94.84429449608751
14.219595292049114 94.8223711632017
14.258397150652002 94.6738271665362
14.264305658087222 94.65011498509219
14.273687329314267 94.61110814847532
14.282942597745595 94.53583737636424
14.28281036876891 94.5049002343545
14.283503228341763 94.56564158095378
14.284482482705883 94.55014816483003
14.300174161230307 94.48916830508966
14.301724685303661 94.49410751471987
14.302676277973807 94.49537958480573
14.30473874603544 94.43118973570807
14.319703570487642 94.36528060438502
14.351971949756306 94.29796027031048
14.367569649448644 94.23444620844597
14.373264108061452 94.1548921378427
14.376430156122753 94.19965310398848
14.399384853163113 94.09852353216351
14.405132811315914 94.07568589890349
14.420813850727273 94.02015208921816
14.448024648956274 93.85620411885685
14.460157797472126 93.85241772274193
14.462542833309449 93.8442983378971
14.485094662601686 93.73630157521805
14.492010136757441 93.69889476425607
14.49567166351299 93.67706087379818
14.500560791929097 93.64153235382233
14.546479001274928 93.51300358491383
14.579905574657005 93.3821493128797
14.598229673728774 93.2528354382151
14.598228153855478 93.24188370981975
14.606116296257742 93.2770345839889
14.613498827477125 93.24330485061878
14.616316165942056 93.19598980625375
14.622350772198338 93.20228059035017
14.626729831136567 93.1942605859808
14.67241620914243 92.96509914762461
14.686234086543605 92.95414741922926
14.688157030236734 92.94550131786451
14.696937844887731 92.91189084106497
14.706218191228428 92.87498093248027
14.712984667138809 92.7940554113157
14.71943703590151 92.77236065352344
14.723536944777845 92.80518602456686
14.726141703631217 92.79371751769912
14.731852374225841 92.76958793825818
14.74750706916675 92.6864859846811
14.802332242647083 92.4408770776368
14.811294479507087 92.45123252317941
14.843828026003326 92.33874376300969
14.865681068216857 92.30754823176377
14.86760917947919 92.24846653910461
14.874230811464535 92.27029049151494
14.879877698043204 92.27421602029551
14.887604936525946 92.25662567613963
14.900919533216625 92.17980456861142
14.908044192600249 92.20543479323175
14.912533391689937 92.16517576262416
14.937371870354852 92.13436781523251
14.939512662553632 92.1071375649573
14.95070652937303 92.0561156288577
14.955730217238209 92.04547197993628
14.956968407349393 92.05831193736529
14.962145095792959 92.08148746424186
14.970315934628136 92.06413563322707
14.981534626044688 92.03809794865737
14.98827703729456 92.02250515205816
15.056446647644602 91.86001807468608
15.063872241940683 91.82781880063803
15.068281394370155 91.78916973373282
15.112107802099755 91.73495768437107
15.141179077229452 91.66711063377659
15.157744682898638 91.59712690295981
15.159992575502288 91.61959682846063
15.168267778970403 91.59928345927722
15.183134166295517 91.55011993806869
15.184701155662903 91.56588168147616
15.186481636565826 91.5618468341726
15.217844677974965 91.48408161212754
15.234713599691434 91.42720616602352
15.234817964324375 91.43662743509685
15.248168531349707 91.39128012414585
15.25501150754928 91.39983678308269
15.264485131110689 91.35528451593532
15.269142276199503 91.36067093770512
15.281688323627225 91.33757491520893
15.284666515349235 91.31536337894431
15.286302000339793 91.30909247094297
15.304524166575897 91.27312667687508
15.304986765344522 91.28491320126429
15.31424654273329 91.25339965249688
15.32615221687929 91.21466114316377
15.33236140591475 91.20663120074687
15.33774256797897 91.19450678274109
15.360031408528686 91.15836210381741
15.374358747458423 91.11598626908258
15.379837181413535 91.11269677534494
15.395848539954393 91.07403777039221
15.396157580857757 91.07511107952715
15.399840031202334 91.06046239744478
15.402860019439965 91.05903131859822
15.403787851424262 91.05736172661051
15.409864304858605 91.04237515091162
15.410436283842046 91.04168942563098
15.440325605441682 90.97067213786943
15.445893103971894 90.95783218044042
15.446207515094237 90.95710670296955
15.446814755138124 90.95661973863983
15.47039964230913 90.90227849465995
15.504268194845462 90.81938524008135
15.520828734270328 90.78457225952877
15.554278916350924 90.70770146176284
15.591402682848543 90.6228504118177
15.609974875904538 90.57908325042644
15.632754230229072 90.5299892955507
15.637125385826163 90.52015062848048
15.639077916386107 90.51583751584565
15.645983207390785 90.49553408470982
15.655316546647043 90.47809281126709
15.670063319943822 90.43913566488797
15.686555515732847 90.40185804854409
15.687155207072703 90.40044684579257
15.688638451421522 90.39555732640011
15.689134943364632 90.39577596344611
15.700962242711038 90.36875441216938
15.72294427150489 90.31785173264032
15.726656714015828 90.30890748984919
15.735820688724555 90.28660651115666
15.760991816991353 90.22950248995909
15.763681688749259 90.23117208194677
15.769550426166587 90.20999410262692
15.77436766457583 90.1963789774893
15.77583130255914 90.19302985546639
15.807193128069642 90.13924514214912
15.832258067855546 90.06199669857642
15.833702960734882 90.05864757655354
15.86826315694543 89.98568243147304
15.877168094582204 89.96800264488925
15.929123443306477 89.86630660435415
15.935065641266409 89.82304628338775
15.963728678429007 89.77544303564386
15.97793214768518 89.7240533917851
15.981542353385795 89.74860036922297
15.984386542945607 89.71101467340515
16.019099942384315 89.63103326675738
16.019521251261754 89.6287972060596
16.044815945227455 89.60165639821233
16.05321147199811 89.59006863477404
16.05410850121696 89.5784013669554
16.054456248226906 89.54807044584592
16.056011838544578 89.57067950401239
16.059278806192683 89.53560813422365
16.06882386379897 89.51226366053882
16.072573441880753 89.5081989990926
16.093728760926883 89.45457329453603
16.096491738590288 89.49428573252865
16.10210832902794 89.43492577453821
16.131596404077634 89.3664128747582
16.14887655284535 89.32871786041738
16.179744470197342 89.25741236927703
16.186197852208906 89.28730601629448
16.187190836095127 89.2474246314936
16.19092192238515 89.22857215529942
16.197123512054137 89.2567167059488
16.211868005540975 89.21793844442553
16.216167017818986 89.16997742697001
16.22002668538979 89.16302079368802
16.223957077731264 89.1559945940732
16.237214780498256 89.14867025303204
16.23723570408729 89.14194219484361
16.268674485848972 89.04792826506133
16.28165146801834 89.03386592778418
16.28852636155711 89.02900622253432
16.289161465944744 89.00160702545085
16.31875309502829 88.9445725705861
16.327422148329642 88.93552894731954
16.34093159277677 88.88077030534274
16.391807831461428 88.76358084868392
16.39831896865821 88.74673585809398
16.402491020853624 88.8165506421025
16.410778889932534 88.74190596698676
16.410758624955264 88.71782607778357
16.4385013788376 88.66160654281757
16.445510527850786 88.6384508920361
16.458126489450088 88.61011751848332
16.465623517791045 88.59550858859114
16.490154272776117 88.53337591533545
16.494273636030634 88.5276814140918
16.494560385459003 88.52593231772374
16.508161224953618 88.55327188652194
16.518552598673132 88.52979821821901
16.528010263564937 88.45226157126751
16.53206477889219 88.43897440169891
16.540075017782502 88.49132803616965
16.55370473486973 88.40164709511731
16.555271724237116 88.39219601190135
16.582970908418318 88.3177202835939
16.65072078042666 88.19661523620209
16.655836167313986 88.14854490022353
16.678777641456673 88.10395288088603
16.678786760696447 88.10027580329412
16.688926848697815 88.08659111182371
16.706835515735555 88.03034176271507
16.715323501465 88.09276263934956
16.745432698068015 87.97975710070747
16.766552857378585 87.90322419655809
16.794838206027315 87.86641366844884
16.811260943606747 87.7873266860802
16.811408371316386 87.79015902963073
16.82119888845985 87.78104584003131
16.828785589325225 87.7888869595449
16.84741062330945 87.72481636701778
16.87881931157989 87.63104095037662
16.969238600411074 87.44604419531353
16.972697832031027 87.42123882863945
17.00225531462787 87.34382143825852
17.00749786424756 87.33353555904873
17.060783102105162 87.21177460051885
17.089888169084457 87.15645942787953
17.093126005827738 87.17182364938517
17.10404680207842 87.10706733157744
17.11918119372793 87.07218478469204
17.120323631821513 87.08255016828221
17.133357051952576 87.03899170588943
17.138084364525184 87.02801016335144
17.163817339286787 86.97943298694807
17.185399033454676 86.91814504773379
17.188047665983838 86.91192382997016
17.199717759769072 86.88644267606301
17.20680492894475 86.86863369486113
17.211443075617368 86.8978118024553
17.230003261674334 86.82656593960021
17.238446157829358 86.7948337537868
17.244381769671676 86.78102980574582
17.30079592001973 86.71090694226342
17.3029850441893 86.64989726838041
17.308957639615137 86.63273426026899
17.339108886045985 86.629802536243
17.341359311771793 86.60303937420247
17.34814199966399 86.53997252447749
17.350776953333494 86.56662636799501
17.352234005199193 86.53043199883362
17.360619652793428 86.5109832397867
17.372969129941634 86.48230203456981
17.376463825271806 86.47447085310381
17.39454423799191 86.43244285003308
17.413613581602775 86.38785083069556
17.439333384129153 86.34158921937035
17.458952921872893 86.28272616375719
17.461781406075325 86.27678321132484
17.46993096668437 86.25701643475648
17.485244703382712 86.22142828649535
17.490648866196132 86.24255657557748
17.500624301257183 86.2068292946507
17.506080139762638 86.1730299949478
17.52701538115562 86.14065183604393
17.57700756020688 86.01428956150045
17.579619209152526 86.00682608779363
17.583256772572454 85.99959118918034
17.602624011349185 85.9548401610821
17.645690634418497 85.84867199915146
17.66899535827875 85.87000898723204
17.68857233957022 85.7421560055567
17.697892202616597 85.7179469217354
17.726809818556145 85.66647777349621
17.74476357516831 85.5534622968066
17.761262813036936 85.5037422449355
17.817538148290694 85.33394076456975
17.8191948101825 85.30392786098176
17.857821376732 85.19434101069541
17.89524471025611 85.06092272239445
17.905349841171688 85.02238297401223
17.912812925675716 85.00198016240091
17.930686129003234 84.9357728896515
17.932029696996224 84.92542738215644
17.934930628492392 84.92149191532835
17.939979140954726 84.89872384840118
17.942307586843025 84.89674617693959
17.96216321157196 84.82424812009373
17.96643253565827 84.80995720772302
17.971883814543844 84.83277496488793
17.97818419597702 84.77631691678084
17.97873388348546 84.76861492993294
17.979888480565407 84.77059260139455
17.997108138375975 84.71911351510784
17.997192238031644 84.718825311729
18.006988328043857 84.67963959025633
18.00932133355204 84.66589527050064
18.031990750374884 84.60206319111467
18.031992776872613 84.59571277873295
18.032196946518603 84.61887836756196
18.06514323993939 84.49080674884058
18.068357771958805 84.46767097415423
18.082314261804505 84.44945453300295
18.107012202852054 84.36666065889978
18.126921023146323 84.2999167315829
18.149315342902728 84.19700824924723
18.15505134471894 84.20561459842182
18.191354531624462 84.05422832015827
18.196445600539064 84.03757215247165
18.222946617939193 83.94858687474752
18.23356546602856 83.91292916015357
18.244988327091104 83.90454144802501
18.274479948511818 83.8066914318901
18.32390572144839 83.63953347217154
18.325608486163482 83.63380915678522
18.338919029858708 83.58918732330503
18.348625447346507 83.55665015564043
18.3540483552639 83.50749657247943
18.359044178785332 83.49069133407966
18.367959755535175 83.46076787291958
18.373107566386132 83.47456188291301
18.37831971853992 83.42602445869983
18.394960811249433 83.38348961520427
18.402029235321134 83.34635113152598
18.417669744777953 83.29385836438962
18.426043233385826 83.26573368983534
18.459508310224717 83.19865186890189
18.472597459043268 83.10940820194156
18.48140867116017 83.11411883647821
18.485973863914623 83.09617072261068
18.488618950072762 83.08730598419996
18.50277910294002 83.00806993111811
18.505265615651023 82.99969215703709
18.509575976316306 82.98520248371548
18.513618332657195 82.97172649124352
18.518943462059266 82.98562981975994
18.523795910866514 82.96939105007027
18.525756547417366 82.93095068216354
18.552840182914 82.87199818412245
18.55858429072112 82.85274818602647
18.563292351565323 82.80485673490375
18.609543615812584 82.64965424638265
18.65747687317323 82.48855849566695
18.661255278185184 82.47588748504617
18.68001051464837 82.44565594441218
18.695142879800148 82.36209684064798
18.70817072706246 82.31864769677821
18.709969243795154 82.3123171604916
18.741604899811012 82.2101142795317
18.761393143490523 82.13964358438517
18.784950166317785 82.06159015896128
18.793888541167053 82.03081202571227
18.822113094883978 81.93602292822143
18.822736242935022 81.93362785876295
18.84340297337918 81.86452861417771
18.878118905940045 81.74768698918297
18.886703656935957 81.7188964654431
18.923603647422077 81.59522740178448
18.932736059428706 81.5642306314895
18.93669380948949 81.55102296630125
18.985236536041533 81.38796942021904
18.99433145784021 81.35773787958504
19.03700798009708 81.21413309254976
19.053901878398037 81.15736696496876
19.05956036667619 81.13840517025156
19.06120638945493 81.13287961581617
19.061957713487207 81.13035535173955
19.095051434617627 81.01921816603604
19.116118904987292 80.94876734698462
19.144101798850272 80.85452484210882
19.15640466655076 80.81350058184017
19.15949203583781 80.80281718072857
19.166192650572064 80.78038700741791
19.189849985036812 80.70091244119502
19.19213486122398 80.69351853382102
19.196806951733528 80.67782635674638
19.207107133055327 80.65877511960127
19.228409677161324 80.58730068165264
19.23308075442201 80.56148163412891
19.23745444314126 80.55693994640052
19.253371569537812 80.4878804540055
19.26487042426512 80.47115471998612
19.29122097420902 80.3607827639436
19.29557794432202 80.3461638960039
19.332871581991604 80.23675593057337
19.333954238402242 80.2214712134481
19.343681427491738 80.20048205703159
19.406255117680942 79.97421259051123
19.440207567223172 79.86049151244583
19.45376179727007 79.83111464390078
19.46530878131839 79.7923661965201
19.48056881582697 79.74115543751714
19.50258924675275 79.65101734627768
19.504814341256967 79.64355387257089
19.50960295538582 79.62746417359438
19.511165385133317 79.63849540637011
19.5594613855871 79.47642572699493
19.561771592995854 79.45804033903539
19.570244379992353 79.44023135783351
19.61915238275968 79.25961728173806
19.629721075030304 79.24065548702089
19.631475008813005 79.22179307277915
19.666685406819255 79.0996842825852
19.677712594200607 79.06783284020128
19.697193316850047 78.99724288848418
19.704736954638726 78.98896449487862
19.712402182291022 79.00083052364818
19.716690251481307 78.98645016884959
19.720539583913702 78.93542823274998
19.730268799500926 78.88617526911352
19.730521098467932 78.90242397685071
19.748623802663033 78.87948696311526
19.748288417289217 78.82648735555406
19.75621151677727 78.85406543749338
19.809794143176305 78.61912005546563
19.819318175868673 78.58714935651113
19.83851062921645 78.54006288723963
19.84821451358209 78.49257889606628
19.84937316365749 78.54226913379475
19.884829274513134 78.36994338935241
19.885898252064116 78.3715434150073
19.898133738715178 78.371702423768
19.901693281972616 78.32842222670652
19.927811291302344 78.20088726255261
19.937874372390088 78.12490095101825
19.941824016459968 78.12568605677436
