4.105253985061668 135.92189818623507
4.107117445562629 135.9147629500148
4.111681218619042 135.89728815041673
4.1284938572504295 135.83291214241484
4.1435443703701775 135.77528335645974
4.1442935060254475 135.77241489755832
4.151092123856333 135.74638282219655
4.153697312960208 135.73640748886103
4.158505015472735 135.71799867735902
4.166924982489264 135.68575841597496
4.2108433067122615 135.5175940692834
4.231943600805615 135.43680052276304
4.231975513211607 135.43667832937336
4.250407245902727 135.36610277028197
4.251280985013845 135.3627572016748
4.2559458707600815 135.34489523909346
4.257792453662007 135.33782462761616
4.2689601557718895 135.29506322078703
4.2768974319953905 135.264671194355
4.281443072465057 135.2472658248788
4.287412214514491 135.22440983274316
4.287470354016104 135.22418721515749
4.29220167535324 135.20607086905994
4.296430734739514 135.18987769636053
4.308450183599701 135.14385493021618
4.319657391606507 135.10094225433332
4.323422968288795 135.0865237683392
4.325574401566105 135.07828587725547
4.331489476208011 135.0556369105568
4.336082090513012 135.03805167710652
4.343289973524033 135.01045251527552
4.358137476619831 134.9536010597093
4.377542953365824 134.8792970106145
4.390714667021959 134.82886219414596
4.397838526633978 134.80158475998215
4.4129150029074315 134.7438565604711
4.414302749442898 134.73854284475817
4.422043770273495 134.7089022850662
4.473137140647904 134.513264509689
4.47389025880612 134.51038080168559
4.503453819514548 134.39718119855036
4.512869145401848 134.36112968349966
4.563074664699952 134.16889151179242
4.564237570241933 134.1644387177892
4.578615459960451 134.1093854234276
4.580523596293159 134.10207912234563
4.590779224085495 134.06281007057459
4.592850388836687 134.05487952965717
4.59446722148662 134.04868863756155
4.601617319487584 134.0213107359593
4.60735283365721 133.99934931073784
4.618833342639438 133.95539015867914
4.627144765543029 133.92356551538074
4.630850705176301 133.90937538111828
4.631323830383896 133.9075637730288
4.631506986917961 133.90686246214233
4.645091040423465 133.85484878622023
4.675447603871032 133.73861275603747
4.677883599402628 133.72928526906338
4.695130656117829 133.6632458635037
4.695358495991224 133.66237345900882
4.706138180946285 133.6210977794359
4.710716961274457 133.6035655166241
4.713758375933211 133.5919198648795
4.740891846086547 133.48802513841767
4.769210010907685 133.37959418685244
4.773426339026295 133.36344976249092
4.776183714322606 133.3528917044709
4.778100456013061 133.3455524532619
4.778573232357328 133.3437421809787
4.790754345884412 133.29710039683738
4.815191526245027 133.20352983049563
4.816218748489209 133.1995965711863
4.832387320099017 133.13768671169592
4.844618310889682 133.09085394628215
4.856673876924255 133.04469288658626
4.861056422187454 133.02791201267837
4.881473804934611 132.94973335054652
4.893498833689344 132.90368921884834
4.906191725983147 132.85508782118626
4.922450949905764 132.79283085175422
4.9239904227788065 132.78693617215237
4.923996837048709 132.7869116117547
4.928333998708105 132.77030451278517
4.932205937545274 132.75547876347662
4.933178953776412 132.7517530603282
4.9337119592563665 132.74971216919894
4.93948107301129 132.72762209033664
4.939543051224426 132.72738477422985
4.95238208916403 132.67822378128534
4.976687449083587 132.58515795866376
4.988236872253504 132.5409349324806
5.0023083702457605 132.48705481959598
5.014881706602097 132.4389112045673
5.0355563370478755 132.35974753465243
5.046242425536998 132.31883023825614
5.0555784018366285 132.2830825547338
5.0921310597665865 132.1431215259518
5.097222916667973 132.12362468028618
5.106584901327483 132.08777741011238
5.131175500362845 131.99361939988097
5.134771094116154 131.97985178271455
5.143277225262308 131.94728159675293
5.1480791104270684 131.928895060019
5.161319736792235 131.87819637508784
5.165540624666063 131.86203449131114
5.181877002902134 131.79948209610984
5.186238561868764 131.78278157924913
5.192575852030424 131.75851593891144
5.206434367778936 131.7054513402913
5.216774017748005 131.66586056553314
5.217421757809327 131.66338035286188
5.231557600219002 131.6092538636159
5.2399788289005835 131.57700877128525
5.251851929065524 131.5315463779047
5.271029264292711 131.45811588831248
5.283381996427745 131.41081697228836
5.299196149143079 131.35026419148662
5.309322823049158 131.3114889073267
5.315069501980194 131.28948473195842
5.346322979945788 131.1698143939638
5.359351263862294 131.11992877350602
5.367122419369487 131.0901728273941
5.39029222188197 131.0014550820926
5.398511689330494 130.96998253849975
5.413720269377553 130.91174851038124
5.42272195696601 130.8772808265792
5.442068255868513 130.80320337090672
5.445478552805291 130.79014525982112
5.446721813437183 130.78538478419668
5.464025884176141 130.7191270705338
5.486732833351251 130.63218160207737
5.493094149069968 130.60782396728908
5.494531063893497 130.6023219849884
5.5049208386543995 130.562539281166
5.517038772747423 130.51613941263602
5.586549699706829 130.24998035882743
5.590395596488687 130.23525432519097
5.592532155263088 130.22707338894577
5.610137553205204 130.15966188598978
5.617637217267115 130.13094548731814
5.62249086188954 130.11236076234417
5.623549940273045 130.10830552509162
5.647608630635256 130.0161842062892
5.648064295168574 130.0144394555522
5.657173788618117 129.97955898044904
5.659063957258086 129.97232147810575
5.6643295259110475 129.95215948585874
5.6683570985223355 129.9367378109904
5.676212422088873 129.90665958330325
5.685940025749071 129.86941234895784
5.6923323556956165 129.84493595992626
5.694239880430375 129.83763200066792
5.697023480604212 129.82697352694504
5.699105768697671 129.81900039447572
5.701573261405775 129.80955230403592
5.708680484225207 129.78233857256126
5.725739797298241 129.71701804203815
5.73674002627696 129.67489789395893
5.763293493080646 129.57322401462864
5.765074765705126 129.56640347781456
5.7717177934601 129.54096716069105
5.797138460101651 129.443630801122
5.79764937258528 129.44167450462058
5.797927970972847 129.44060774452296
5.8180441792690525 129.36358228679225
5.818856360756491 129.36047242384447
5.825479566275675 129.33511200655073
5.827680832081935 129.32668330548452
5.82969144767816 129.3189846087749
5.831041161981028 129.31381651941865
5.849679727936774 129.24244899065548
5.868174574522951 129.1716317669032
5.8730850625977915 129.15282938694787
5.874878991033911 129.14596039071887
5.882715178934488 129.11595543396868
5.897947758953537 129.05762950936546
5.923395915553801 128.96018789006644
5.947211548092262 128.86899724566615
5.979371729433225 128.7458551180835
5.988441968132555 128.7111249503871
5.992415085779674 128.69591178491967
5.992453331893657 128.6957653396059
6.003691559454175 128.65273388908676
6.0059973715092605 128.6439048778552
6.01241025412881 128.61934979213174
6.021563376422091 128.5843022611098
6.07314721615526 128.3867864664605
6.077675766704504 128.36944653471116
6.077732155292939 128.36923062141523
6.081996107479362 128.3529038433234
6.094557858201924 128.3048045899722
6.103468462781535 128.27068566525756
6.105388287545367 128.26333460888455
6.106941674813392 128.25738665072112
6.112046027980909 128.23784195654426
6.121332600466252 128.2022834414454
6.135868103846448 128.14662664048566
6.136916545760463 128.14261213053717
6.158721839628408 128.0591191224911
6.161877153284339 128.047037348677
6.165942831503873 128.0314697664948
6.172496625523953 128.00637512754315
6.175752229444676 127.99390933983152
6.178591420718952 127.9830380064139
6.182186232594381 127.96927338307717
6.1884074227854935 127.94545229239027
6.211824687016168 127.85578701006622
6.223632696416569 127.81057385082855
6.256205596030041 127.6858514148008
6.275668001583963 127.61132938389628
6.3050107228807715 127.4989753803151
6.334888250334497 127.38457359076813
6.35201404769062 127.31899849028522
6.361660734510092 127.28206108851876
6.365735111445339 127.26646019873955
6.365946700478654 127.26565001911216
6.379262696996045 127.21466274000916
6.380780071084699 127.2088526771978
6.382167885719184 127.20353870073203
6.389449846760522 127.17565589229581
6.393924899940991 127.15852080329098
6.47771520465928 126.837685659844
6.478859233350365 126.83330514576848
6.496881817458338 126.76429622669356
6.506474578288083 126.72756530887185
6.523111628159173 126.66386163456404
6.531465322705765 126.63187513210198
6.544548745051363 126.5817783852392
6.544897056982757 126.58044469026281
6.563879809017303 126.50775926451459
6.569180778835595 126.48746172033238
6.569406573129571 126.48659714841155
6.575896839330584 126.46174575904601
6.576298142539805 126.4602091591598
6.582333448681711 126.43709982308214
6.593901132708302 126.39280687562838
6.603261559550987 126.35696557037362
6.604535335614394 126.35208825040925
6.628615007013987 126.25988659469719
6.650267420381461 126.17697896985823
6.654508559912321 126.16073954198723
6.664464836678027 126.12261671268062
6.664901495329048 126.12094473593571
6.667974316834663 126.10917882659984
6.677455080778094 126.07287674761821
6.6978779317336015 125.99467714758171
6.726229074829634 125.8861199213885
6.733327820851269 125.8589386477817
6.752249088684919 125.78648864655521
6.806657406668156 125.57815785502092
6.812246525532951 125.55675698103248
6.841922212817407 125.44312804247203
6.842417972066039 125.44122976808116
6.842950816951872 125.43918949187074
6.86956066453023 125.33729972916359
6.885880778344459 125.27480961083471
6.895028240802502 125.23978375146149
6.918808401206961 125.1487289307372
6.92524098264758 125.124098417742
6.930992854796527 125.10207435741425
6.93638663477906 125.08142144082402
6.946533062776819 125.04257051775983
6.9500047088556425 125.02927749929616
6.9582512172482645 124.99770141526139
6.959962022897072 124.99115069823523
6.964379060534066 124.97423775217733
6.969001047218579 124.95654005116143
6.984852787965638 124.89584334485912
6.9881655767293855 124.88315859497308
7.012747325509039 124.78903447258907
7.014316689518635 124.78302533908808
7.020650556286906 124.7587728070081
7.028549326667854 124.72852822039697
7.035791558311669 124.70079753680378
7.040655373838346 124.68217386718653
7.041258843581569 124.67986316665521
7.06435394613757 124.59143144932956
7.065643832444174 124.58649244284663
7.072066094737419 124.56190144212125
7.073508825575582 124.5563771901571
7.07882045834878 124.53603881725756
7.0863066853928185 124.50737386925879
7.090736874167882 124.49041056716885
7.121785570206091 124.37152434422512
7.123275479972698 124.3658194429803
7.160796537703778 124.22215038747433
7.161443651217015 124.21967257387115
7.1710385763449676 124.1829333688982
7.19980542360038 124.07278440122542
7.209364035976266 124.03618423867582
7.2130910119951555 124.02191355557395
7.216430254280587 124.0091275145009
7.217510351328993 124.00499179626205
7.226897912015657 123.96904659484943
7.235673644853959 123.93544409735888
7.240181696923146 123.91818265479525
7.251689923572249 123.87411737110642
7.2667702408865145 123.81637446415536
7.268282890648575 123.81058249090705
7.279948115626713 123.765916056744
7.281155517053238 123.76129288690137
7.286836369396543 123.73954076316113
7.287690948066007 123.73626856035764
7.320553763258889 123.61043603042559
7.320903524849277 123.60909678466915
7.338235141565356 123.54273359678045
7.356409285820258 123.47314435016473
7.380882616011747 123.37943536522894
7.435769038731243 123.16927389886709
7.444875702746547 123.1344042577374
7.454253926430214 123.09849480793957
7.454334715054545 123.09818546630436
7.468083664582728 123.04554039944429
7.473820851445228 123.02357256944056
7.476197861386607 123.01447093974627
7.498046125589818 122.93081339722661
7.500327423077835 122.922078252877
7.516641434601961 122.85961150036744
7.54069029961282 122.76752780307767
7.562597198854242 122.68364574555048
7.575053785633308 122.63594916753279
7.579304700265462 122.61967231055783
7.58157310665102 122.61098652655748
7.585321244418327 122.59663481459896
7.586072123865298 122.59375967867614
7.599976710575463 122.54051867320749
7.603184375625923 122.52823644461249
7.626278703273672 122.43980769442965
7.634286692066617 122.40914490782511
7.64342698904917 122.37414648523428
7.6613225573623405 122.3056239127705
7.677893514464062 122.24217330930676
7.678623147003268 122.23937952831783
7.683737457159667 122.21979670858495
7.6870596403331515 122.20707598727232
7.697753965004894 122.16612715432962
7.709929702267462 122.11950595603774
7.7108369041833456 122.11603225752576
7.724138466315658 122.06510024803926
7.727778837607506 122.05116117657332
7.73058620277693 122.04041170609618
7.744228933964105 121.98817335188369
7.745554125314655 121.9830991615167
7.761452967024429 121.92222210446641
7.764188248694069 121.91174864348788
7.789455077737198 121.81500133187757
7.792450909419185 121.80353021847532
7.793467122089177 121.79963911509712
7.800860581542892 121.7713293764898
7.811257864011095 121.73151792547098
7.811293807134138 121.7313802983663
7.820486232641105 121.69618227436975
7.8212890380125 121.69310831280156
7.825533219949673 121.67685723548173
7.833073324613669 121.64798598874727
7.838437159050491 121.62744773439016
7.878829060547147 121.47278614729669
7.892802458355396 121.41928166243625
7.901369713109798 121.38647743267104
7.902031641141361 121.38394289391178
7.903470962362622 121.37843169745484
7.905005884616502 121.37255444228602
7.913061721404345 121.34170844452885
7.913536134158412 121.33989190639217
7.9226475759776065 121.30500397093354
7.938412240174699 121.24464068288879
7.953603020303559 121.1864748110961
7.95726912410489 121.17243720921667
7.973412489752601 121.11062386397685
7.976618699321259 121.0983472084576
7.983297084351198 121.07277550745616
7.997092387756602 121.0199529504569
8.00880868133285 120.97509097337208
8.019615399345042 120.93371178355662
8.021757932523947 120.9255079711692
8.041152278626734 120.85124654158174
8.042708129282122 120.84528915104734
8.043226361936606 120.84330482543116
8.050631159396914 120.81495167331694
8.064313045598233 120.76256339358955
8.064805121823344 120.76067922158659
8.072199979905205 120.7323641275976
8.078777989511659 120.70717676656844
8.084909361592763 120.68369959164013
8.10615183177719 120.60236164936026
8.136922095171272 120.48454155187842
8.162540808855574 120.38644686529787
8.1766452904408 120.33244045742221
8.178407846250835 120.3256915877523
8.179831827613981 120.32023912799043
8.209008374968086 120.20852140853454
8.21575621643258 120.18268375713207
8.218041814394843 120.17393214616048
8.219311517387913 120.1690704220829
8.223759017895727 120.15204083294125
8.237358427573424 120.0999683578571
8.249830690669786 120.05221175483382
8.261325676396602 120.00819717096302
8.268238438956406 119.98172803261883
8.270487067440051 119.97311797869273
8.27305294572351 119.96329316745819
8.297145900296329 119.87104065014822
8.317713521777488 119.79228672019825
8.329955603599299 119.74541148695263
8.333751954508966 119.73087516568286
8.34617926619852 119.68329068270498
8.356666399607146 119.64313519021911
8.359137134145575 119.63367468673101
8.36142198551936 119.62492593446513
8.373529643753232 119.57856541245329
8.38253938562955 119.54406688858435
8.387640899691416 119.52453306541307
8.389014079764998 119.51927512504194
8.414841587412312 119.42038096122712
8.415890788066632 119.4163635460433
8.422130648713566 119.39247096572055
8.430571678491013 119.36015005450543
8.435273983805253 119.34214481147526
8.436400606451514 119.33783094557467
8.438588151892924 119.32945478012388
8.446304117338638 119.29991015811862
8.447200494382306 119.29647790830936
8.460248394179807 119.24651717815941
8.461371490287881 119.24221681546052
8.468531019447074 119.2148028017208
8.487773436599078 119.14112311183322
8.49758946522868 119.10353729609896
8.49942601915701 119.09650508580896
8.499762311563252 119.09521741389082
8.502220158620434 119.08580625688629
8.502423343290793 119.08502825777194
8.51156933409244 119.05000803340737
8.51957518696959 119.01935342527709
8.519849320591153 119.01830376087864
8.553170916384365 118.89071454871214
8.57120420608085 118.82166463767476
8.576708874608762 118.8005871261092
8.578985526753687 118.79186976889287
8.59652661331754 118.72470451579048
8.604002030667726 118.69608095837609
8.61339284763794 118.66012328857346
8.613601828211674 118.65932309680213
8.62070539885976 118.63212334958166
8.624537543914496 118.61744997164755
8.643379406820006 118.54530401384942
8.681279723922417 118.40018276485623
8.68801205487495 118.37440450358662
8.693957931333077 118.35163759597391
8.695562928598825 118.34549202185624
8.721435841416955 118.24642400052247
8.748853415672961 118.1414414324441
8.753335850264385 118.12427807983468
8.753534484852647 118.1235175030969
8.760671513723338 118.09618964351684
8.770243933106325 118.05953661359648
8.778204945798976 118.02905369963862
8.803981558978153 117.93035441199761
8.809940976704999 117.90753565453299
8.811989734953798 117.89969090866589
8.824935179326935 117.85012248286287
8.827197519468324 117.84145992666107
8.845369165525764 117.77188024570506
8.847223108129437 117.76478145374826
8.858954396541602 117.71986206106686
8.859886449029737 117.7162932091008
8.879256569405687 117.64212454041893
8.886161187345099 117.6156865880271
8.890027322049484 117.60088306288614
8.895168093943552 117.58119892050706
8.924432011396371 117.46914665878822
8.93919278379835 117.41262729718785
8.939691835546931 117.41071641573348
8.965496095934725 117.31191126624874
8.969390723602348 117.29699864084876
8.97006072830034 117.29443317633454
8.970342565418381 117.29335401505807
8.970557102838335 117.29253254598552
8.981422844196485 117.25092735432258
8.990094077374117 117.21772498861021
9.007650653073945 117.15050042722415
9.012583493931368 117.13161245791298
9.01418869122989 117.12546611786487
9.027172655837257 117.07575019713491
9.027731364457123 117.07361088804893
9.027962348449126 117.07272644464635
9.028142171923154 117.07203789612898
9.031340249237994 117.05979237921015
9.033795268477057 117.05039204999093
9.036491874202046 117.04006668015842
9.042790817552595 117.01594787070627
9.051042322683315 116.98435265403808
9.083692937791238 116.85933264346522
9.089517157541525 116.8370315623875
9.096231519917492 116.81132210324074
9.105882321235656 116.77436894695731
9.116991071484062 116.7318332682598
9.126480691805181 116.69549727798956
9.127129951457977 116.69301124676508
9.127928879994887 116.68995212969175
9.134616958462862 116.66434331227698
9.151277809446022 116.60054850292401
9.153044560326979 116.59378357022408
9.155379572850219 116.5848427496797
9.15642629996193 116.58083480575152
9.157942582237663 116.57502892351877
9.184970529579564 116.47153824650464
9.19891906018189 116.41812897878901
9.198968192666893 116.41794084929211
9.201406077711582 116.40860612732575
9.202228324697138 116.4054577233374
9.203227144517438 116.40163321760969
9.224444387384558 116.32039187135001
9.245012530519592 116.24163594397449
9.253298868774618 116.20990735041417
9.265050310860499 116.16491078881901
9.272803222011252 116.1352247007979
9.292527873345007 116.05969852433412
9.295200516390546 116.04946490819225
9.320189574617597 115.9537811878879
9.323505447404102 115.94108462920266
9.323704709918495 115.94032164812026
9.34585142527703 115.8555213287656
9.3545382292072 115.8222593422577
9.368451388376542 115.76898551263142
9.389206019947473 115.68951551643512
9.391659883659209 115.68011961175856
9.391862626234795 115.67934330543599
9.399140110744064 115.65147763775147
9.400797643234014 115.64513090496456
9.416762546584927 115.58400089626096
9.426319402780752 115.5474074581681
9.459499259425233 115.42036096869808
9.487057639962174 115.31483924989703
9.492536762422931 115.29385955485272
9.506564499998955 115.24014700168118
9.508208474052577 115.23385218448138
9.526170481237255 115.1650752159399
9.548307607696099 115.08031161271866
9.551046015057885 115.06982618338779
9.55941316898839 115.03778814461276
9.569050987502195 115.00088469980744
9.575460800157394 114.97634136905322
9.622448009052606 114.79642618725798
9.638607117335358 114.73455256308031
9.642350980262972 114.72021721958842
9.675841744394525 114.59198025768188
9.68306751909838 114.5643125881177
9.691914326082964 114.530437945968
9.711166220607826 114.45672196698598
9.719812299526442 114.42361591755181
9.72724223640683 114.39516650597805
9.738007785518501 114.35394495289812
9.75029355438609 114.30690244087668
9.754699298453454 114.29003273817546
9.769982179853075 114.23151420834535
9.770193706824323 114.23070426635516
9.773451910444905 114.21822852432862
9.773690395408694 114.21731535952007
9.797372389518939 114.1266364199576
9.802089298925292 114.1085752574985
9.829054770284738 114.00532380256216
9.830738955420966 113.99887501613526
9.843409405241685 113.95035955125617
9.870799982747005 113.84548035440207
9.872590137149368 113.83862580904142
9.87582389300632 113.82624367810483
9.890335362988633 113.7706789016184
9.902517836165767 113.7240319113435
9.908467720933764 113.70124965581344
9.910321757624159 113.69415050359626
9.911289499351621 113.69044499665254
9.913720457041979 113.6811367996968
9.932481769998855 113.60929926963875
9.934764528240716 113.60055853202664
9.93634330523608 113.59451335597097
9.938653497702784 113.58566757203528
9.939084792739063 113.58401613270351
9.951509650292685 113.53644104667265
9.963279418971792 113.49137431210002
9.980134101483774 113.42683731704236
9.988640336459607 113.39426673351433
10.02000340603071 113.27417676655917
10.028618628120682 113.24118886868294
10.03312360715714 113.22393919283743
10.038614186750198 113.20291562815095
10.03946209714609 113.19966895833143
10.042348236323981 113.18861786023291
10.050460432731711 113.15755606010109
10.057372020843008 113.13109141874921
10.072395153693003 113.07356747252229
10.099656355070977 112.96918366005085
10.10879472880444 112.93419260162821
10.118554650933167 112.89682161906968
10.142561935963823 112.80489713254968
10.145765075829333 112.79263223099947
10.147325484731935 112.78665738682406
10.149346602833091 112.77891847576403
10.149994936584516 112.77643598983872
10.16787809860502 112.70796092137556
10.16827815003274 112.70642911459159
10.174867192763775 112.68119950745628
10.182462838695503 112.65211559183774
10.184325701203317 112.64498264534798
10.188115351288099 112.63047198170196
10.188411458722495 112.62933817903219
10.190893859306986 112.61983300596597
10.193485526350548 112.60990944893294
10.194276773867172 112.60687974267573
10.198163630794625 112.59199687163152
10.199718565156061 112.58604298960927
10.206757021579131 112.55909256636241
10.21305916416376 112.53496150696407
10.216432621708217 112.52204445482029
10.242526595546607 112.42212998538747
10.264268329743627 112.33888034888908
10.308107821158607 112.17101785496384
10.309809525934245 112.16450198540552
10.31733261375328 112.13569589659012
10.330347859794339 112.08586019847898
10.331928856209558 112.07980652420997
10.336563086081071 112.06206194372906
10.341597460198567 112.04278520106077
10.349462307559172 112.01267050653124
10.35439439983087 111.99378540357327
10.35662195675117 111.98525603318294
10.37497820822773 111.91496949352383
10.400002262501461 111.81915177249357
10.409443617283422 111.78300059216323
10.414630049317546 111.76314161598168
10.418747287507177 111.74737660940225
10.42598701214831 111.71965552518417
10.438261011251228 111.67265807988196
10.471438418792392 111.54562096808894
10.471472165128011 111.54549175253752
10.486140721400346 111.48932548877207
10.489734486853136 111.47556487221341
10.521900371937237 111.3524009048576
10.533250150928612 111.3089423211583
10.538743805867881 111.28790698089531
10.541049352936259 111.27907898430438
10.54234140873303 111.2741316707901
10.544684522428792 111.26515983065633
10.551078857389886 111.24067576437457
10.56188482551116 111.19929944590994
10.562887693531323 111.19545943952508
10.576404320203213 111.14370394261198
10.590867924359404 111.08832244555438
10.596943650437954 111.06505834054235
10.603592166747717 111.03960100760719
10.609416929635502 111.01729784684258
10.615948609424596 110.99228788382682
10.618926741414521 110.98088454298203
10.619079451805451 110.98029981112856
10.635427501518434 110.9177027255543
10.64528174116251 110.87997059890318
10.675319441581895 110.76495550312006
10.686835437888938 110.72086046921933
10.692809229544121 110.69798667362858
10.698292837724358 110.67698980265374
10.712358687125615 110.62313131836335
10.714039820074005 110.61669421883897
10.717148954838986 110.6047892651373
10.722165558311843 110.58558056670564
10.727433126255791 110.56541091912416
10.731612616113924 110.54940754937061
10.765584574447283 110.41932808299674
10.769772978894624 110.40329057906125
10.787190503443973 110.33659844796004
10.79218986366454 110.3174557743667
10.795952671625956 110.30304788987311
10.805963775856576 110.26471512485105
10.815194261498643 110.22937136765843
10.819519121348094 110.21281137262258
10.841375087505792 110.12912433912923
10.869885881476304 110.01995580579987
10.872939368163948 110.0082639299589
10.888033913793025 109.95046654243949
10.891601007928202 109.93680805101383
10.899553328613866 109.90635841896511
10.906057286856587 109.88145460243416
10.917410165283293 109.83798415092053
10.919727597714669 109.82911064498153
10.926070843187615 109.80482220161002
10.928609285726473 109.79510244251826
10.93114406723532 109.78539670160072
10.953586734852069 109.69946317374972
10.959170618445608 109.67808234574406
10.967114584186685 109.64766470498424
10.973665795074975 109.62257995690791
10.975219290482418 109.61663158467599
10.99202264707123 109.55229111784408
11.002433508289993 109.51242767345445
11.014768663903094 109.46519605836633
11.015771639871545 109.46135563864482
11.022288018890968 109.43640426265351
11.027291950882713 109.41724408363558
11.027669558038337 109.41579821652304
11.02905454250462 109.41049507684113
11.04520963158745 109.34863684227908
11.045718550203429 109.34668818034606
11.05609268599581 109.30696535851988
11.071445431069856 109.24817931895721
11.094633425311073 109.1593919170777
11.105720990315028 109.11693735720374
11.115067058260431 109.08115103252082
11.158999315404593 108.91293333633048
11.169149290365372 108.8740688318574
11.18619550005927 108.80879847449617
11.191290128510449 108.78929101649803
11.195056812735391 108.77486828969579
11.19700136825644 108.76742253864339
11.202167730950768 108.74764040845892
11.20680168011934 108.7298969027965
11.216320284021137 108.69344993368098
11.23393169943116 108.62601538969196
11.234872408817353 108.6224133902497
11.240042621025282 108.6026165201827
11.24618818563318 108.57908500171925
11.263819332130094 108.51157490691185
11.275350404044993 108.4674221481368
11.276603410136676 108.46262435690646
11.285825292875415 108.42731354044288
11.291696020246114 108.40483438053948
11.294252579880688 108.39504525064139
11.301732232020045 108.36640547811481
11.30425106606959 108.35676080041227
11.323840920636364 108.28175076409403
11.335547027613224 108.23692779174951
11.354901878340684 108.16281759092834
11.360609706394204 108.14096217652832
11.383992958093074 108.05142712902745
11.393489896462148 108.0150631177711
11.415811177450948 107.92959438231252
11.420637590327889 107.91111392836365
11.44520969416698 107.81702673669494
11.446796522348645 107.81095073244836
11.450069972460026 107.79841661123251
11.46024644597075 107.75945064315812
11.464569128753146 107.74289898416572
11.482418648239305 107.67455273379636
11.484842195083255 107.6652729131543
11.495032224790247 107.62625503807001
11.50319476999551 107.5950004511506
11.51549717404826 107.54789424259488
11.56058965133738 107.37523403485277
11.578916400752739 107.30506045931367
11.583898723068689 107.28598302427733
11.591898733548312 107.25535078683129
11.5985148555412 107.23001749253444
11.602337732321224 107.21537960305281
11.61938598452496 107.15010142487102
11.657245463074347 107.00513654770464
11.663191053829491 106.9823707340557
11.67466058239668 106.93845362627701
11.683234384101935 106.9056243280755
11.683567372954192 106.90434930554707
11.696396470353822 106.8552263751753
11.721633460026052 106.75859331925216
11.733317766955551 106.71385381982668
11.742766993192161 106.67767249950235
11.743184937035656 106.67607218221707
11.746601100308919 106.66299160878437
11.748306970987304 106.65645978788167
11.772506945232529 106.56379748960643
11.774472813836407 106.5562701302342
11.780009456934609 106.53507018725035
11.794218645279134 106.48066285461076
11.7960101819559 106.47380301648732
11.798867643729563 106.46286172487692
11.799937746015345 106.45876427683068
11.801418971633218 106.45309262740554
11.804328628684669 106.4419514787891
11.844177527992727 106.28936906046887
11.845477181290505 106.28439265593585
11.865111375821808 106.20921284079976
11.871293567298519 106.18554107715221
11.871777357341246 106.18368863314598
11.877630885003606 106.16127533135004
11.885426152647103 106.13142705927349
11.907253811927099 106.04784841351304
11.908980003640323 106.04123878286674
11.918358539225888 106.00532813878884
11.922295112865196 105.99025490122867
11.955230529180122 105.86414437980962
11.955764199327763 105.86210094365137
11.957137606269544 105.85684213459632
11.959358223508238 105.84833933641804
11.971356885137663 105.80239616509301
11.982799676395118 105.75858143513275
11.984128537751644 105.75349319222236
12.003234576787715 105.68033569750443
12.012959735806884 105.64309782374983
12.019881997610925 105.61659231256516
12.021025459497114 105.61221396879955
12.025799948052706 105.59393233435785
12.02621055541673 105.59236010863341
12.027575981946624 105.58713185677232
12.030005933546825 105.57782751216061
12.037205492401842 105.55026022372823
12.040155656995218 105.53896397073464
12.048893753577126 105.50550558339812
12.049975923027745 105.50136192988009
12.053872123001746 105.4864432840802
12.067505992951617 105.43423885976392
12.079733818684666 105.38741821343379
12.086130051806101 105.36292687904928
12.087560018322304 105.35745150198875
12.087711227866873 105.35687251691303
12.105096939857713 105.290302196883
12.107162432983126 105.2823933727606
12.132726487759482 105.18450797648671
12.138197256476097 105.16356026813475
12.141240233911557 105.1519086324796
12.147402407939689 105.12831351613639
12.154861034176932 105.0997542523076
12.15498981868085 105.09926113326566
12.161584652676213 105.07400935123638
12.16313669214686 105.06806655382236
12.164731514430253 105.06195993996309
12.192121570332713 104.9570827403392
12.193306193677344 104.95254678833398
12.201348139855464 104.92175397806405
12.208562591065027 104.89412966643881
12.209538694685069 104.89039214160216
12.226653725528154 104.82485826636322
12.238972655940541 104.77768877796883
12.240094458465604 104.77339336843121
12.242901357982092 104.76264568095064
12.263227560039397 104.6848161519292
12.27928894925515 104.62331669646929
12.293985478922448 104.56704332188457
12.300575465006508 104.54181010262727
12.304038746929102 104.5285491107241
12.33262809452884 104.4190797936109
12.349573207187063 104.35419653929281
12.349595660119121 104.35411056646217
12.355220580380367 104.33257260804369
12.375217652102537 104.25600332719344
12.384664269679933 104.21983199548959
12.387982215184936 104.2071275003141
12.388504174111391 104.20512890671063
12.412742334971979 104.11232039094328
12.418907402935984 104.08871419364823
12.420661760212843 104.08199671636407
12.426723721613564 104.05878531664295
12.427172153368039 104.05706826039454
12.450706684116897 103.96695396167999
12.485550816565384 103.8335349191072
12.487260794649085 103.82698737084824
12.514074748375682 103.72431608066525
12.520936751413949 103.69804130178102
12.545728233771118 103.60311410435563
12.553515128039658 103.5732978941383
12.55451328307128 103.56947593390282
12.568339799917212 103.5165338598699
12.602618863630234 103.3852784794226
12.604397071433603 103.37846967788414
12.614596296636858 103.33941659301786
12.622260282659873 103.31007100150418
12.65449038296419 103.18666115248631
12.673685513829389 103.11316252295721
12.683840528073874 103.07427872294252
12.696549794928146 103.02561462668454
12.707058605392728 102.98537613221674
12.725786828261331 102.91366530492286
12.743213686842594 102.84693743358324
12.750558605408052 102.81881355923431
12.754908104035785 102.80215922170872
12.766013968011807 102.75963459461936
12.769343043703957 102.74688748168275
12.774082110866702 102.7287414766279
12.783603898739457 102.69228231600906
12.785513823663042 102.68496916636852
12.78658295457156 102.68087543774978
12.799777668382134 102.6303525531226
12.802823371503822 102.61869048074766
12.805431345418738 102.608704484302
12.818643819046978 102.55811359689494
12.826399487710361 102.52841695028994
12.828625767565656 102.51989246981302
12.830432853498426 102.51297309320482
12.83106030753733 102.51057055621376
12.855767743312935 102.4159651752222
12.86636050794129 102.3754052181906
12.871494025410334 102.35574885318385
12.882078288281864 102.31522144958883
12.883347501225282 102.31036160192346
12.895094083604727 102.26538364826412
12.91722289125645 102.18065189796053
12.931425844150908 102.12626844101305
12.942954050969805 102.08212665276126
12.945977022725506 102.07055161934734
12.959638569907861 102.01824121822523
12.967786088667086 101.98704416793831
12.974688356020636 101.96061521599773
12.976108808862428 101.95517626703116
12.978284099091976 101.94684702708886
12.994698112334303 101.88399736553377
13.015269582553248 101.8052286986719
13.020064806463553 101.78686766804555
13.022995632391902 101.77564546327733
13.030546231823154 101.74673403182018
13.050850862036922 101.66898710191971
13.093147385980924 101.507032668498
13.097865275535883 101.48896775302572
13.101444906387393 101.475261258204
13.105383244058975 101.46018126612076
13.114705634108324 101.42448560468586
13.11765149797084 101.41320581929679
13.131594615159148 101.35981727967697
13.145603933991895 101.30617525232776
13.151102939679774 101.28511942391637
13.151980142385566 101.28176059311976
13.162386868171968 101.24191298340263
13.16620981315865 101.22727483275601
13.18071837969667 101.1717211736294
13.192483412490423 101.12667257287859
13.193490710502529 101.12281560394531
13.193694623272247 101.12203481692057
13.199899348629334 101.09827677048926
13.209597110773196 101.06114380004595
13.23809804003913 100.95201303891372
13.241662052384113 100.93836634773874
13.24330757290546 100.93206560907586
13.264948773447736 100.84920091842113
13.269156984967788 100.8330875727157
13.270994258338694 100.82605260766229
13.278029094328295 100.7991160471445
13.287422400592297 100.76314884577454
13.291934102548675 100.74587342770283
13.313575878898407 100.66300653226716
13.345001875466831 100.54267561628716
13.352069576946109 100.51561321299874
13.375878833651608 100.42444698182013
13.39184118264157 100.36332675382761
13.396323971039578 100.34616204648404
13.41441231006096 100.27690135022384
13.424562206038976 100.23803714817771
13.434809869338968 100.1987985926443
13.444564303202473 100.16144862478868
13.451318562100914 100.13558640087334
13.454875181038535 100.12196801923747
13.458656108524497 100.10749075463747
13.46455413912605 100.08490704998971
13.468145969928115 100.0711538412564
13.470750714906892 100.06118020848686
13.498950139685759 99.95320391547219
13.504571160122719 99.93168088957708
13.50793039890408 99.91881828142792
13.508351264609153 99.91720677626259
13.51217799258048 99.90255414047445
13.517546427326396 99.88199827142036
13.527540544768586 99.84373054923017
13.541227176643675 99.79132409820085
13.548981296876518 99.7616333805746
13.580396979127643 99.64134195836994
13.597699126981441 99.57509160748175
13.62886171030338 99.45576930731961
13.637312591289726 99.42341067558264
13.652843061135567 99.36394412348523
13.657096229475925 99.34765863700595
13.662863803738764 99.32557445289682
13.666899750212444 99.31012071430283
13.67143808131664 99.29274333256731
13.672892276078997 99.28717518495466
13.685652375518675 99.23831644947339
13.687328085477475 99.2319001147099
13.705084448418166 99.16391056305082
13.713569403309485 99.13142146149127
13.744541774974357 99.0128274864556
13.746313473971378 99.00604360729722
13.782086910288466 98.86906623729035
13.78492834324828 98.85818632040352
13.794773346499072 98.82048956013008
13.79738691905727 98.8104821263412
13.803293315701191 98.78786638791087
13.80560919085612 98.77899884482177
13.820789282962853 98.72087389772943
13.826398733184137 98.69939517447553
13.827413096366309 98.69551115283181
13.832146387787477 98.67738726323392
13.835203238251053 98.66568250741194
13.845423440076443 98.62654910254213
13.891985474518489 98.44826192421496
13.89767575282391 98.42647370823329
13.928447819147173 98.30864670729113
13.92907364347948 98.30625041048683
13.93322743080436 98.29034545636705
13.9361851690408 98.27902020370738
13.945585797322483 98.24302496615113
13.962371337194744 98.17875271996633
13.963554650938923 98.17422178245354
13.967691644699892 98.1583811313042
13.968378714687582 98.1557503233748
13.977148655377299 98.12217000416405
13.977684086860133 98.12011982380992
13.979649456983415 98.11259437313217
13.981488295720254 98.10555341425402
13.985017743250898 98.09203907260567
14.002546521471785 98.02492094845208
14.025530047248123 97.9369164613678
14.039225468336067 97.88447635622569
14.039720166819496 97.88258214353093
14.041202875270372 97.87690481630165
14.043493825121871 97.86813271281417
14.061782848934104 97.79810358953995
14.067824153625528 97.77497128486823
14.07101777601984 97.76274282594997
14.07520195833559 97.74672148866048
14.082923350200174 97.71715608876352
14.0920219503255 97.68231732446745
14.104696830618462 97.63378489520088
14.109421844280869 97.61569270134547
14.110423477233203 97.61185742406579
14.111700930733333 97.60696602310551
14.123828037987126 97.56053103031667
14.137706976673845 97.5073882317624
14.141927239503191 97.49122874129641
14.144181359056267 97.48259766193001
14.156470981582935 97.43554039415292
14.157046360558644 97.43333725386327
14.176309112624843 97.35957970108767
14.194628924125272 97.28943269099595
14.19480044356459 97.28877593883229
14.203099973376546 97.25699683447513
14.20877232427766 97.2352772629667
14.213968512886519 97.21538092861985
14.215532725499628 97.20939151994308
14.221626689646103 97.18605758091913
14.222996495802755 97.18081255935915
14.22662619678092 97.1669143447875
14.272591195844926 96.99091322964867
14.2761648774364 96.97722951469036
14.277532197374304 96.9719940129233
14.28341670388112 96.94946209236787
14.29022453962504 96.92339472138971
14.296921704336674 96.89775111252388
14.314189472462544 96.8316324024619
14.31499649043032 96.82854231075825
14.337132645785044 96.74378242591865
14.343974825068296 96.71758355268132
14.356248989090751 96.67058547589814
14.359727832168515 96.65726489994802
14.366839465749909 96.63003427955704
14.377708608883918 96.58841606241043
14.384241618729748 96.56340100657462
14.387690511896112 96.55019510957396
14.403998494333791 96.48775144258511
14.405407215245013 96.48235741547005
14.405934441007863 96.48033865502012
14.410865550073952 96.4614573167807
14.426248740214005 96.40255470230936
14.433054067736268 96.3764969353738
14.434319894901215 96.3716500519377
14.45325689028015 96.29913982955239
14.456579428388943 96.2864177491837
14.462793319736408 96.26262460594917
14.467074232594971 96.24623288502539
14.467822366994504 96.2433682599569
14.47482451462835 96.21655686395954
14.492900851727063 96.14734212335728
14.495735979328797 96.13648634984204
14.499568861468303 96.12181014959216
14.532897583232534 95.99419365190687
14.542161173118828 95.9587231377466
14.546303800701985 95.94286091455315
14.550832538549574 95.92552026563379
14.570787393639138 95.84911263331108
14.583172116991644 95.8016912221262
14.58686100782214 95.78756636815005
14.595734150947136 95.75359088426913
14.5976090624342 95.74641180194064
14.616963906453494 95.6723016268052
14.619713126137762 95.66177479682486
14.622856424342714 95.64973903046892
14.654617260440226 95.52812600567327
14.66220505896137 95.4990721379834
14.69243735317172 95.38331193777503
14.71065392458473 95.31356023652447
14.724725235254526 95.25968084090215
14.728067070806386 95.246884870148
14.730350966401168 95.23813977758348
14.7309373115241 95.23589464764561
14.74341849042395 95.18810390579088
14.750669147061364 95.16034096268942
14.754361655722944 95.14620225594881
14.764432863889773 95.10763935147253
14.771645406363337 95.08002234844452
14.786903503865211 95.02159871677019
14.789316947479577 95.0123575816434
14.807537629729548 94.94259013989671
14.8194883502641 94.89683053620641
14.844516625454464 94.80099665318225
14.848570745970251 94.78547332573277
14.851354043320631 94.77481601152837
14.855475401512747 94.7590352293578
14.859897514616355 94.74210284921307
14.86542623673951 94.72093323583805
14.866851536605674 94.7154757274956
14.868712727168894 94.70834918292293
14.870635290792551 94.70098763938807
14.870947504403642 94.6997921657705
14.888519709067483 94.63250776069573
14.89350742732594 94.61340966446247
14.899800578091988 94.58931303495925
14.903218864351011 94.57622433256171
14.912263740770928 94.54159127765874
14.915533152042444 94.52907262126035
14.92630811679044 94.48781501547671
14.942593902472174 94.42545634041385
14.945852682983299 94.4129783894592
14.946135857233665 94.41189410827008
14.960427020165989 94.3571728929119
14.962769852078862 94.34820213173177
14.986016874560224 94.25918870926483
15.004364914890315 94.18893361028807
15.008853839256105 94.17174540817254
15.040791034090335 94.04945710142411
15.04946069907863 94.01626074034738
15.067091928370107 93.94875032851756
15.076281033908513 93.9135650167625
15.086989782209503 93.87256095538766
15.098291731007626 93.82928551467805
15.140854494122713 93.66631164490349
15.146069838893391 93.64634196114054
15.157314692112283 93.60328514081206
15.172693133313626 93.5444007101442
15.175379167913135 93.53411581741186
15.200881452124966 93.43646694215312
15.202031672617776 93.43206271951605
15.20447387186883 93.42271147834714
15.209348112955922 93.40404788900193
15.219881612504732 93.36371485942166
15.249741682156055 93.24937991623071
15.2534630772256 93.23513060272154
15.264301557673635 93.19362979375582
15.274276868797187 93.15543408142355
15.274305812709176 93.15532325447063
15.301819210203089 93.04997377685086
15.346606983993409 92.87848028632115
15.347500632387908 92.87505848457685
15.352722520938089 92.85506374452078
15.358146328790687 92.83429585047543
15.385330850437548 92.73020564658572
15.396435572476946 92.68768539199984
15.415191417441543 92.6158687990191
15.421532213984868 92.5915897326595
15.429746315029995 92.56013773715762
15.432896732904196 92.5480747094125
15.434160943209482 92.54323401697192
15.435236705509928 92.53911489658995
15.448669932301321 92.48767873987632
15.45086289586219 92.47928182831248
15.452240479165022 92.47400702786797
15.454338732980348 92.46597276225583
15.506003680284804 92.2681464047156
15.508615107055006 92.25814718720187
15.517798357153643 92.22298429607012
15.524532524573326 92.1971990029225
15.526852615209268 92.18831531865264
15.544434085779585 92.12099543419345
15.54706833193699 92.11090884068328
15.550034855501295 92.09954994878652
15.560590348599105 92.05913270536468
15.563434000984818 92.04824429024133
15.574192301324619 92.00705049288769
15.576788618842686 91.99710912907305
15.580115676043498 91.98436974498956
15.586164191378042 91.96120983058748
15.606921446668926 91.88172978810277
15.607184103776238 91.88072406756046
15.612261050102681 91.86128431485406
15.621258308582268 91.82683359021911
15.648328557267728 91.72318094031715
15.659264215705733 91.68130803443094
15.664143581399468 91.6626248228405
15.68209403062451 91.59389211001152
15.687486800530904 91.57324306102774
15.6945752141068 91.54610135061051
15.6974694472803 91.53501926040317
15.707017805872372 91.49845835984469
15.71484932598072 91.46847127618605
15.724607694257786 91.43110624336386
15.74553555987444 91.35097292973369
15.749871776450174 91.33436944951279
15.752083660410078 91.32590009127439
15.764983877130243 91.27650484327015
15.770277991357045 91.25623354931685
15.774937988698674 91.23839030455731
15.806463192808287 91.11767952045517
15.808153118464228 91.1112087534367
15.828238043379864 91.03430308054178
15.837207787923266 90.99995770744712
15.851514192032798 90.94517813324549
15.88112965014026 90.8317798136893
15.919322209554107 90.68553956167749
15.937146407246217 90.61729026908209
15.953501259404522 90.55466713677691
15.957522539627696 90.53926955561786
15.958444534139966 90.53573921588946
15.960940432242468 90.52618236049386
15.963231620623874 90.5174093436695
15.966270385891548 90.5057738365087
15.98529660073908 90.43292199057754
15.993733003518871 90.40061879625057
15.996726414263875 90.38915695267573
15.999220027063322 90.37960884776192
16.001681800238778 90.37018265755367
16.009419607572923 90.34055440241886
16.02837556282573 90.26797158220887
16.035369283591287 90.24119245289802
16.037490620386237 90.23306980198757
16.039007942367363 90.22725993869723
16.043160766620765 90.2113586722019
16.050787252673732 90.18215666899846
16.054927895325118 90.16630204615771
16.06002755607453 90.14677531936552
16.079445853053763 90.07242218128141
16.08493973496312 90.05138597194437
16.088287687752917 90.03856657813526
16.096876429951696 90.00568007241554
16.11311460640671 89.94350369425607
16.128571244829566 89.88431984449831
16.139841004572574 89.84116765647468
16.140848939427805 89.83730824905336
16.144147288497408 89.82467878911237
16.16172647489349 89.75736765081264
16.17133489172933 89.72057678575743
16.191540294807155 89.64320979900792
16.20605086054531 89.58764848489466
16.209946595467496 89.57273161978965
16.220082171599437 89.53392224878733
16.231737873726367 89.48929227785644
16.257676919105894 89.3899710333139
16.258494508796815 89.38684046222158
16.264173762705546 89.36509445892673
16.26713850109806 89.35374240249679
16.281057609612272 89.30044579268225
16.289725030380843 89.26725802477822
16.330173517747966 89.11237976899105
16.341171886249242 89.07026674472584
16.348001045946262 89.04411772380531
16.35258833759964 89.02655287091937
16.35399821597654 89.0211544118397
16.383232015605728 88.90921747201038
16.410695723215188 88.80405825818377
16.412199855928964 88.79829889692343
16.418043202401456 88.7759245791546
16.42606391489355 88.7452130731922
16.438088068806223 88.69917229128586
16.438905372107918 88.69604281678495
16.442203535223594 88.68341406886611
16.44538119216778 88.67124674205019
16.448073211277126 88.66093893448209
16.463892562171914 88.60036624972301
16.481684440575187 88.53224070848174
16.486916382919787 88.51220747219885
16.488665289716238 88.5055108649386
16.49528687809085 88.4801566397313
16.508245053640206 88.43053946594054
16.523023629919482 88.37395193285488
16.52365778833082 88.37152372465641
16.54602807141903 88.28586735895054
16.54928618924638 88.27339194542841
16.56392818307935 88.21732738989846
16.57978578248766 88.15660825063772
16.608971072196617 88.04485705648946
16.61277419101406 88.03029482073387
16.621637423547185 87.99635728475369
16.630812305123623 87.96122643689984
16.635317400705574 87.94397631479875
16.675764111567226 87.78910486129485
16.681299693092576 87.76790898309963
16.683689729152526 87.75875747607606
16.69612408117242 87.71114603549964
16.699304628686917 87.69896764061872
16.716841968477368 87.63181673400409
16.730086930684404 87.5811014470275
16.73817210303784 87.55014312266611
16.738199507003067 87.55003819220735
16.740671164260895 87.5405741556039
16.742343653261052 87.5341701539705
16.754498983203614 87.48762709581027
16.75451547734753 87.48756393932639
16.77291031019134 87.41712967066049
16.777785037494453 87.39846421958212
16.779570439257434 87.39162787219489
16.790161700243583 87.35107367264638
16.793940006276227 87.3366064456558
16.826767947113133 87.21090745049295
16.860145258342015 87.08310490254905
16.861568947697126 87.07765356089315
16.867264830101043 87.05584388668011
16.880067709449065 87.00682134587461
16.88413480631072 86.99124833167674
16.894908036326196 86.94999736822669
16.91145895308086 86.88662349974615
16.913428300004885 86.87908282180028
16.91870896774788 86.85886301476515
16.926368813927155 86.82953327481525
16.92680056325152 86.8278800960032
16.969016362082368 86.66623476103084
16.985811992569833 86.60192387763155
17.010495829139852 86.50740885858025
17.022115872018603 86.46291542779015
17.049199746340705 86.3592106049894
17.050087847288736 86.35581004455445
17.051067142723014 86.35206029818237
17.080773166982162 86.23831519859755
17.093163119857394 86.19087376344116
17.101828570312 86.15769353991789
17.110693692575026 86.12374876811529
17.131335246639267 86.04471174848115
17.132468189765078 86.04037368130848
17.1387227847505 86.01642468284025
17.150103110481673 85.97284913492084
17.152544911992507 85.96349941670903
17.157479332024796 85.94460540069835
17.164275521941153 85.91858262188117
17.164581437300768 85.91741126442383
17.166408386361898 85.91041583140722
17.173613658044996 85.88282666841523
17.17397068680366 85.88145959649223
17.17549322478586 85.87562976100511
17.190969281951986 85.8163715564004
17.20101061932943 85.77792302791345
17.202772050159886 85.7711784658181
17.21407419502244 85.72790227437294
17.224645951045414 85.68742275980952
17.262992587939173 85.54059254132682
17.265599881160224 85.53060915127475
17.280779331721632 85.47248666067527
17.29050114395602 85.43526160184214
17.318082909594878 85.32965034090908
17.322167947132385 85.31400863142086
17.330817185334382 85.2808904850127
17.332073129001813 85.27608144573237
17.334344317591828 85.26738500860253
17.341157571540855 85.24129689118338
17.343668575327385 85.23168219575106
17.36786824691249 85.13902105636889
17.370230978596595 85.12997409847387
17.382842626627554 85.08168378709811
17.391375165227387 85.04901248634502
17.40212560519334 85.00784878655672
17.424704143441822 84.92139500670558
17.42978114177626 84.90195505485929
17.432768953175515 84.89051465131743
17.43933458924638 84.86537466886125
17.474586822071508 84.73039299988054
17.479528653558205 84.71147060522812
17.5226472255606 84.54636852951508
17.537158389313625 84.49080492558815
17.54894118778892 84.44568829960453
17.557384937984022 84.41335697184311
17.559550073429648 84.40506661481894
17.56178539531441 84.39650751218817
17.565221560171196 84.38335035219882
17.578270411137225 84.3333859800011
17.601830197355525 84.24317497747113
17.64050359524711 84.09509358306822
17.64349999616124 84.08362029006206
17.646277459241688 84.07298531542112
17.648291286310567 84.06527432190352
17.67115075226692 83.97774486292987
17.684770100143883 83.92559604398895
17.6893652099331 83.90800125526805
17.69927020784278 83.87007477396595
17.70843584703797 83.83497931541788
17.723419105829542 83.77760804794416
17.728060275814038 83.75983689359947
17.734313250685243 83.73589409858853
17.747620033485298 83.68494209903648
17.748155750579446 83.68289082506956
17.748315969178126 83.68227734410344
17.760425711010818 83.63590884394031
17.777486357497203 83.57058320774458
17.794239467525525 83.50643513623211
17.80843560115092 83.45207779043406
17.810672594325382 83.4435122883938
17.815513361839358 83.42497687018567
17.823707700445077 83.39360054555172
17.84047598199221 83.32939438191953
17.843208813807742 83.31893030149278
17.848264652792594 83.29957136931796
17.860979930440358 83.25088425758344
17.884011095655083 83.16269735791455
17.920572321076243 83.02270352399745
17.92854865820304 82.99216193240328
17.938323282608977 82.95473465446267
17.9475962553001 82.9192282133113
17.95451525339832 82.89273519893672
17.96904816891933 82.83708830695366
17.969468721272747 82.83547800161953
17.99299421887667 82.74539829103973
18.003506477211257 82.70514659459266
18.00522042705873 82.69858383835225
18.011200932100845 82.67568433703735
18.02187190769975 82.63482490827046
18.024055914653808 82.62646229177503
18.058590806520336 82.49422733901795
18.058893380323724 82.49306877646183
18.067306820116002 82.46085350798042
18.06741444384847 82.46044141405427
18.068415983660024 82.45660649341293
18.074860740235934 82.43192936152441
18.077553750164824 82.42161776008383
18.083619947379457 82.39839014132677
18.10783557714163 82.305667897691
18.109907290206316 82.29773525726769
18.12931339082919 82.2234288193329
18.130705851304956 82.21809705382627
18.13239674650917 82.21162257438355
18.14675837666421 82.15663153829153
18.156349043588648 82.11990863808488
18.15832842481483 82.11232953854856
18.16146603952425 82.1003155344372
18.162028205638407 82.09816298652031
18.16575280697149 82.08390139614896
18.16831167049585 82.07410344460004
18.168674940546936 82.0727124746144
18.189224469110016 81.99402782289403
18.189811464100824 81.99178020459604
18.1952252759078 81.97105058565593
18.20663945372058 81.92734541728107
18.208387370518317 81.92065260075033
18.213901268098788 81.8995397509149
18.2284183220402 81.84395359331134
18.228459519420245 81.84379584752702
18.235512559601723 81.8167895827095
18.237920104142265 81.8075710352819
18.24361457063075 81.78576678264396
18.257937233928683 81.73092495160891
18.264724291278732 81.7049371416134
18.272832786002688 81.67388951532004
18.297651962166533 81.57885627762583
18.30222957448757 81.56132848714218
18.314436494448536 81.514587889529
18.322177820722537 81.48494616028671
18.32947037905463 81.4570227745628
18.33029544163539 81.45386358959097
18.353483647711414 81.36507537659077
18.358724386104065 81.34500846002294
18.361887078391113 81.3328984332483
18.385404966986222 81.24284785775093
18.40248965240652 81.17743017588433
18.406837515850263 81.16078209951854
18.41941378484493 81.11262725534537
18.421939464964204 81.10295636387299
18.422713921580332 81.09999095038793
18.432699156488255 81.06175723964054
18.442682953084667 81.0235290362234
18.4745287525395 80.90159068463694
18.477386277092815 80.89064915264169
18.4850435573424 80.86132923769986
18.49158753842719 80.83627217271948
18.500616019080134 80.80170189761266
18.518677676329077 80.73254336651723
18.521423893400794 80.72202803361442
18.53893165682384 80.6549903756401
18.568576428869903 80.54147981228998
18.5731512369068 80.52396275947946
18.576057991057674 80.51283272614091
18.589378287460377 80.461828982671
18.597471429654746 80.4308401415921
18.608254584646357 80.38955117516363
18.608379051204487 80.3890745896426
18.614876567100588 80.36419544101577
18.62189701095616 80.33731398833413
18.62386128621082 80.32979272993536
18.635990569523365 80.28334940496389
18.63732641600238 80.27823441584721
18.637481436312058 80.27764083925788
18.64275331254091 80.25745469514723
18.643388541574744 80.25502238750882
18.646667937455035 80.24246549979716
18.6634774124008 80.17810160562559
18.676948942145383 80.12651878595945
18.70833814904244 80.00632873853853
18.708589026355373 80.00536812311944
18.72211860962922 79.95356301505788
18.722400790359135 79.95248253808307
18.731100018352674 79.9191729795301
18.74198747586086 79.87748463619305
18.74525124983415 79.86498756514861
18.759311817210936 79.81114930586023
18.771265311057252 79.76537908309078
18.77350788712343 79.75679220402044
18.773765116882103 79.75580726492993
18.776800844890925 79.74418338750819
18.779917603534738 79.73224924178643
18.785172614600302 79.71212767480199
18.794749114886667 79.67545901900195
18.80604613164848 79.63220246318103
18.82753145400619 79.54993463393971
18.856722353554325 79.43816195957889
18.87268241309245 79.37705049795392
18.88522184615877 79.32903669945894
18.889307436492516 79.31339287330029
